+ echo Logging output to experiments/logs/lov_color_2d_pose.txt.2018-10-27_15-51-41
Logging output to experiments/logs/lov_color_2d_pose.txt.2018-10-27_15-51-41
+ '[' -f /home/icu/PoseCNN_1/output/lov/lov_keyframe/vgg16_fcn_color_single_frame_2d_pose_add_lov_iter_80000/segmentations.pkl ']'
+ ./tools/test_net.py --gpu 0 --network vgg16_convs --model /home/icu/PoseCNN_1/output/lov/lov_train/vgg16_fcn_color_single_frame_2d_pose_add_lov_iter_100000.ckpt --imdb lov_val --cfg experiments/cfgs/lov_color_2d.yml --rig data/LOV/camera.json --cad data/LOV/models.txt --pose data/LOV/poses.txt --background data/cache/backgrounds.pkl
shapenet_scene_train
shapenet_scene_val
shapenet_single_train
shapenet_single_val
gmu_scene_train
gmu_scene_val
rgbd_scene_train
rgbd_scene_val
rgbd_scene_trainval
lov_train
lov_val
lov_keyframe
lov_trainval
lov_debug
lov_train_few
lov_val_few
lov_single_01_val_few
ycb_trainval
ycb_single_01_train
yumi_train
linemod_ape_train
linemod_ape_test
linemod_ape_train_few
linemod_ape_test_few
linemod_benchvise_train
linemod_benchvise_test
linemod_benchvise_train_few
linemod_benchvise_test_few
linemod_bowl_train
linemod_bowl_test
linemod_bowl_train_few
linemod_bowl_test_few
linemod_camera_train
linemod_camera_test
linemod_camera_train_few
linemod_camera_test_few
linemod_can_train
linemod_can_test
linemod_can_train_few
linemod_can_test_few
linemod_cat_train
linemod_cat_test
linemod_cat_train_few
linemod_cat_test_few
linemod_cup_train
linemod_cup_test
linemod_cup_train_few
linemod_cup_test_few
linemod_driller_train
linemod_driller_test
linemod_driller_train_few
linemod_driller_test_few
linemod_duck_train
linemod_duck_test
linemod_duck_train_few
linemod_duck_test_few
linemod_eggbox_train
linemod_eggbox_test
linemod_eggbox_train_few
linemod_eggbox_test_few
linemod_glue_train
linemod_glue_test
linemod_glue_train_few
linemod_glue_test_few
linemod_holepuncher_train
linemod_holepuncher_test
linemod_holepuncher_train_few
linemod_holepuncher_test_few
linemod_iron_train
linemod_iron_test
linemod_iron_train_few
linemod_iron_test_few
linemod_lamp_train
linemod_lamp_test
linemod_lamp_train_few
linemod_lamp_test_few
linemod_phone_train
linemod_phone_test
linemod_phone_train_few
linemod_phone_test_few
sym_train
Called with args:
Namespace(background_name='data/cache/backgrounds.pkl', cad_name='data/LOV/models.txt', cfg_file='experiments/cfgs/lov_color_2d.yml', gpu_id=0, imdb_name='lov_val', kfusion=False, model='/home/icu/PoseCNN_1/output/lov/lov_train/vgg16_fcn_color_single_frame_2d_pose_add_lov_iter_100000.ckpt', network_name='vgg16_convs', pose_name='data/LOV/poses.txt', pretrained_model=None, rig_name='data/LOV/camera.json', wait=True)
Using config:
{'ANCHOR_RATIOS': [0.5, 1, 2],
 'ANCHOR_SCALES': [8, 16, 32],
 'BACKGROUND': '',
 'CAD': '',
 'EPS': 1e-14,
 'EXP_DIR': 'lov',
 'FEATURE_STRIDE': 16,
 'FLIP_X': False,
 'GPU_ID': 0,
 'INPUT': 'COLOR',
 'NETWORK': 'VGG16',
 'PIXEL_MEANS': array([[[102.9801, 115.9465, 122.7717]]]),
 'POSE': '',
 'RIG': '',
 'RNG_SEED': 3,
 'ROOT_DIR': '/home/icu/PoseCNN_1',
 'TEST': {'BBOX_REG': True,
          'GAN': False,
          'GRID_SIZE': 256,
          'NMS': 0.3,
          'POSE_REFINE': False,
          'POSE_REG': True,
          'RANSAC': False,
          'RPN_NMS_THRESH': 0.7,
          'RPN_POST_NMS_TOP_N': 300,
          'RPN_PRE_NMS_TOP_N': 6000,
          'SCALES_BASE': [1.0],
          'SEGMENTATION': True,
          'SINGLE_FRAME': True,
          'SYNTHETIC': False,
          'VERTEX_REG_2D': True,
          'VERTEX_REG_3D': False,
          'VISUALIZE': False,
          'VOTING_THRESHOLD': -1},
 'TRAIN': {'ADAPT': False,
           'ADAPT_NUM': 400,
           'ADAPT_RATIO': 1,
           'ADAPT_ROOT': '',
           'ADAPT_WEIGHT': 0.1,
           'ADD_NOISE': True,
           'BATCH_SIZE': 128,
           'BBOX_INSIDE_WEIGHTS': [1.0, 1.0, 1.0, 1.0],
           'BBOX_NORMALIZE_MEANS': [0.0, 0.0, 0.0, 0.0],
           'BBOX_NORMALIZE_STDS': [0.1, 0.1, 0.2, 0.2],
           'BBOX_NORMALIZE_TARGETS': True,
           'BBOX_NORMALIZE_TARGETS_PRECOMPUTED': True,
           'BG_THRESH_HI': 0.5,
           'BG_THRESH_LO': 0.1,
           'CHROMATIC': True,
           'DISPLAY': 20,
           'FG_FRACTION': 0.25,
           'FG_THRESH': 0.5,
           'GAMMA': 0.1,
           'GAN': False,
           'GRID_SIZE': 256,
           'HAS_RPN': True,
           'IMS_PER_BATCH': 2,
           'LABEL_W': 1.0,
           'LEARNING_RATE': 0.001,
           'MATCHING': False,
           'MOMENTUM': 0.1,
           'NUM_CLASSES': 2,
           'NUM_STEPS': 5,
           'NUM_UNITS': 64,
           'OPTIMIZER': 'MOMENTUM',
           'POSE_REG': True,
           'POSE_W': 1.0,
           'RPN_BATCHSIZE': 256,
           'RPN_BBOX_INSIDE_WEIGHTS': [1.0, 1.0, 1.0, 1.0],
           'RPN_CLOBBER_POSITIVES': False,
           'RPN_FG_FRACTION': 0.5,
           'RPN_NEGATIVE_OVERLAP': 0.3,
           'RPN_NMS_THRESH': 0.7,
           'RPN_POSITIVE_OVERLAP': 0.7,
           'RPN_POSITIVE_WEIGHT': -1.0,
           'RPN_POST_NMS_TOP_N': 2000,
           'RPN_PRE_NMS_TOP_N': 12000,
           'SCALES_BASE': [1.0],
           'SEGMENTATION': True,
           'SINGLE_FRAME': True,
           'SNAPSHOT_INFIX': 'lov',
           'SNAPSHOT_ITERS': 10000,
           'SNAPSHOT_PREFIX': 'vgg16_fcn_color_single_frame_2d_pose_add',
           'STEPSIZE': 80000,
           'SYMSIZE': 0,
           'SYNITER': 0,
           'SYNNUM': 80000,
           'SYNROOT': 'data/LOV/data_syn/',
           'SYNTHESIZE': False,
           'SYN_CLASS_INDEX': -1,
           'SYN_HEIGHT': 480,
           'SYN_ONLINE': True,
           'SYN_RATIO': 5,
           'SYN_SAMPLE_OBJECT': True,
           'SYN_SAMPLE_POSE': True,
           'SYN_TFAR': 2.0,
           'SYN_TNEAR': 0.5,
           'SYN_WIDTH': 640,
           'THRESHOLD_LABEL': 0.7,
           'TRAINABLE': True,
           'USE_FLIPPED': False,
           'USE_GT': False,
           'VERTEX_REG_2D': True,
           'VERTEX_REG_3D': False,
           'VERTEX_W': 1.0,
           'VERTEX_W_INSIDE': 10.0,
           'VISUALIZE': False,
           'VOTING_THRESHOLD': -1,
           'WEIGHT_REG': 0.0001},
 'USE_GPU_NMS': True}
/home/icu/PoseCNN_1/tools/../lib/datasets/../../data/LOV/models/01/points.xyz
/gpu:0
Tensor("fifo_queue_Dequeue:0", dtype=float32)
Tensor("conv5_3/conv5_3:0", shape=(?, ?, ?, 512), dtype=float32)
Tensor("conv4_3/conv4_3:0", shape=(?, ?, ?, 512), dtype=float32)
Tensor("score_conv4/score_conv4:0", shape=(?, ?, ?, 64), dtype=float32)
Tensor("upscore_conv5_1:0", shape=(?, ?, ?, 64), dtype=float32)
Tensor("upscore_1:0", shape=(?, ?, ?, 64), dtype=float32)
WARNING:tensorflow:From /home/icu/PoseCNN_1/tools/../lib/networks/network.py:500: calling reduce_max (from tensorflow.python.ops.math_ops) with keep_dims is deprecated and will be removed in a future version.
Instructions for updating:
keep_dims is deprecated, use keepdims instead
WARNING:tensorflow:From /home/icu/PoseCNN_1/tools/../lib/networks/network.py:504: calling reduce_sum (from tensorflow.python.ops.math_ops) with keep_dims is deprecated and will be removed in a future version.
Instructions for updating:
keep_dims is deprecated, use keepdims instead
Tensor("score/score:0", shape=(?, ?, ?, 2), dtype=float32)
Tensor("div:0", shape=(?, ?, ?, 2), dtype=float32)
Tensor("fifo_queue_Dequeue:1", dtype=int32)
Tensor("conv5_3/conv5_3:0", shape=(?, ?, ?, 512), dtype=float32)
Tensor("conv4_3/conv4_3:0", shape=(?, ?, ?, 512), dtype=float32)
Tensor("score_conv4_vertex/BiasAdd:0", shape=(?, ?, ?, 128), dtype=float32)
Tensor("upscore_conv5_vertex_1:0", shape=(?, ?, ?, 128), dtype=float32)
Tensor("ToInt32:0", shape=(?, ?, ?), dtype=int32)
Tensor("vertex_pred/BiasAdd:0", shape=(?, ?, ?, 6), dtype=float32)
Tensor("fifo_queue_Dequeue:6", dtype=float32)
Tensor("fifo_queue_Dequeue:7", dtype=float32)
Tensor("fifo_queue_Dequeue:5", dtype=float32)
Tensor("conv5_3/conv5_3:0", shape=(?, ?, ?, 512), dtype=float32)
Tensor("hough:0", shape=(?, 7), dtype=float32)
Tensor("conv4_3/conv4_3:0", shape=(?, ?, ?, 512), dtype=float32)
Tensor("hough:0", shape=(?, 7), dtype=float32)
RoiPool(top_data=<tf.Tensor 'pool5:0' shape=(?, 7, 7, 512) dtype=float32>, argmax=<tf.Tensor 'pool5:1' shape=(?, 7, 7, 512) dtype=int32>)
RoiPool(top_data=<tf.Tensor 'pool4_1:0' shape=(?, 7, 7, 512) dtype=float32>, argmax=<tf.Tensor 'pool4_1:1' shape=(?, 7, 7, 512) dtype=int32>)
Tensor("poses_tanh:0", shape=(?, 8), dtype=float32)
Tensor("hough:3", shape=(?, 8), dtype=float32)
Tensor("poses_pred:0", shape=(?, 8), dtype=float32)
Tensor("hough:2", shape=(?, 8), dtype=float32)
Tensor("hough:3", shape=(?, 8), dtype=float32)
Tensor("fifo_queue_Dequeue:8", dtype=float32)
Tensor("fifo_queue_Dequeue:9", dtype=float32)
Use network `vgg16_convs` in training
2018-10-27 15:51:45.092861: I tensorflow/core/platform/cpu_feature_guard.cc:137] Your CPU supports instructions that this TensorFlow binary was not compiled to use: SSE4.1 SSE4.2 AVX AVX2 FMA
2018-10-27 15:51:45.190287: I tensorflow/stream_executor/cuda/cuda_gpu_executor.cc:895] successful NUMA node read from SysFS had negative value (-1), but there must be at least one NUMA node, so returning NUMA node zero
2018-10-27 15:51:45.190569: I tensorflow/core/common_runtime/gpu/gpu_device.cc:1105] Found device 0 with properties: 
name: GeForce GTX 1080 major: 6 minor: 1 memoryClockRate(GHz): 1.7335
pciBusID: 0000:01:00.0
totalMemory: 7.92GiB freeMemory: 7.23GiB
2018-10-27 15:51:45.190585: I tensorflow/core/common_runtime/gpu/gpu_device.cc:1195] Creating TensorFlow device (/device:GPU:0) -> (device: 0, name: GeForce GTX 1080, pci bus id: 0000:01:00.0, compute capability: 6.1)
Loading model weights from /home/icu/PoseCNN_1/output/lov/lov_train/vgg16_fcn_color_single_frame_2d_pose_add_lov_iter_100000.ckpt
lov_val
[0]
[[0.000e+00 1.000e+00 2.006e+02 1.189e+02 6.494e+02 4.511e+02 5.216e+03]]
im_segment: 0/1839 1.841s 0.000s
per-class segmentation IoU
__background__ 0.998132367927
01 0.991510454218
/home/icu/PoseCNN_1/output/lov/lov_val/vgg16_fcn_color_single_frame_2d_pose_add_lov_iter_100000/mat/000000.mat
01
gt pose
[[-0.52573111  0.85065081  0.          0.05660265]
 [ 0.84825128  0.52424812 -0.07505775  0.02929021]
 [-0.06384793 -0.03946019 -0.99717919  0.3       ]]
estimated pose
[[-0.72667235  0.6863948   0.02845436  0.05713514]
 [ 0.6813003   0.7253584  -0.09841272  0.02455464]
 [-0.08818959 -0.05212783 -0.9947389   0.32790425]]
rotation error: 15.0823750001
translation error: 0.0283082423838
error: 0.0320700037613
threshold: 0.026694047451
[0]
[[ 0.000e+00  1.000e+00  1.715e+02 -6.930e+01  6.005e+02  3.113e+02
   5.142e+03]]
im_segment: 1/1839 0.257s 0.000s
per-class segmentation IoU
__background__ 0.998929927917
01 0.994785100287
/home/icu/PoseCNN_1/output/lov/lov_val/vgg16_fcn_color_single_frame_2d_pose_add_lov_iter_100000/mat/000001.mat
01
gt pose
[[-0.88014643  0.47470228  0.          0.03301821]
 [ 0.47044219  0.87224779 -0.13367102 -0.05805739]
 [-0.06345394 -0.11765007 -0.99102576  0.3       ]]
estimated pose
[[-0.9701253   0.22727063  0.08488027  0.03369171]
 [ 0.22216247  0.9728035  -0.06555342 -0.06700989]
 [-0.09747019 -0.04473783 -0.9942323   0.31751513]]
rotation error: 16.2295649734
translation error: 0.0196819929018
error: 0.0260665559519
threshold: 0.026694047451
[0]
[[0.000e+00 1.000e+00 1.436e+02 1.403e+02 4.384e+02 6.397e+02 4.009e+03]]
im_segment: 2/1839 0.215s 0.000s
per-class segmentation IoU
__background__ 0.999091917687
01 0.994598503853
/home/icu/PoseCNN_1/output/lov/lov_val/vgg16_fcn_color_single_frame_2d_pose_add_lov_iter_100000/mat/000002.mat
01
gt pose
[[-1.          0.          0.         -0.02253624]
 [ 0.          0.98827312 -0.15269659  0.07217945]
 [ 0.         -0.15269659 -0.98827312  0.3       ]]
estimated pose
[[-0.99924195 -0.03545841 -0.0160664  -0.01857414]
 [-0.03157058  0.9796014  -0.1984551   0.08004732]
 [ 0.02277557 -0.19779745 -0.97997826  0.3103242 ]]
rotation error: 3.462901656
translation error: 0.0135716816119
error: 0.0135672968652
threshold: 0.026694047451
[0]
[[ 0.000e+00  1.000e+00  1.010e+02 -2.200e+01  5.190e+02  3.740e+02
   3.944e+03]]
im_segment: 3/1839 0.242s 0.000s
per-class segmentation IoU
__background__ 0.998631016701
01 0.992506682944
/home/icu/PoseCNN_1/output/lov/lov_val/vgg16_fcn_color_single_frame_2d_pose_add_lov_iter_100000/mat/000003.mat
01
gt pose
[[-0.52573111 -0.85065081  0.         -0.00576508]
 [-0.84069996  0.51958115 -0.152509   -0.03661277]
 [ 0.12973191 -0.08017873 -0.98830208  0.3       ]]
estimated pose
[[-0.38591146 -0.9225203  -0.00534221 -0.00835954]
 [-0.87432355  0.367585   -0.31692195 -0.03610637]
 [ 0.29433066 -0.11763301 -0.94843644  0.31354827]]
rotation error: 13.2256437051
translation error: 0.0138037368365
error: 0.0173368012728
threshold: 0.026694047451
[0]
[[ 0.000e+00  1.000e+00  3.328e+02 -1.502e+02  6.452e+02  2.062e+02
   3.156e+03]]
im_segment: 4/1839 0.162s 0.000s
per-class segmentation IoU
__background__ 0.999238261059
01 0.993380614657
/home/icu/PoseCNN_1/output/lov/lov_val/vgg16_fcn_color_single_frame_2d_pose_add_lov_iter_100000/mat/000004.mat
01
gt pose
[[ 0.88014643  0.47470228  0.          0.08333167]
 [ 0.47044219 -0.87224779 -0.13367102 -0.11193046]
 [-0.06345394  0.11765007 -0.99102576  0.3       ]]
estimated pose
[[ 0.970813    0.20994416  0.11595535  0.08551054]
 [ 0.22788088 -0.9581932  -0.17302032 -0.11155846]
 [ 0.07478302  0.19439436 -0.97806865  0.29893452]]
rotation error: 17.4794502959
translation error: 0.00245378811914
error: 0.0146606946249
threshold: 0.026694047451
[0]
[[0.000e+00 1.000e+00 2.416e+02 1.378e+02 6.684e+02 4.062e+02 4.137e+03]]
im_segment: 5/1839 0.229s 0.000s
per-class segmentation IoU
__background__ 0.99864898712
01 0.991918274688
/home/icu/PoseCNN_1/output/lov/lov_val/vgg16_fcn_color_single_frame_2d_pose_add_lov_iter_100000/mat/000005.mat
01
gt pose
[[ 0.52573111 -0.85065081  0.          0.07127741]
 [-0.82764351 -0.51151182 -0.23100189  0.01046079]
 [ 0.19650194  0.12144488 -0.9729533   0.3       ]]
estimated pose
[[ 0.67062634 -0.7409147   0.03613489  0.07018963]
 [-0.7037699  -0.65089005 -0.28469303  0.01617095]
 [ 0.2344531   0.165492   -0.9579375   0.3096785 ]]
rotation error: 11.1573257367
translation error: 0.0112899286694
error: 0.0149103227666
threshold: 0.026694047451
[0]
[[0.0000000e+00 1.0000000e+00 2.6339999e+02 2.7699999e+01 6.9459998e+02
  4.9629999e+02 5.8900000e+03]]
im_segment: 6/1839 0.283s 0.000s
per-class segmentation IoU
__background__ 0.998340319337
01 0.993146916112
/home/icu/PoseCNN_1/output/lov/lov_val/vgg16_fcn_color_single_frame_2d_pose_add_lov_iter_100000/mat/000006.mat
01
gt pose
[[ 0.52573111  0.85065081  0.          0.07913889]
 [ 0.82764351 -0.51151182 -0.23100189  0.00941471]
 [-0.19650194  0.12144488 -0.9729533   0.3       ]]
estimated pose
[[ 0.7594781   0.6504159  -0.01233178  0.08219562]
 [ 0.6313008  -0.74146795 -0.22734155  0.01064514]
 [-0.1570102   0.16487586 -0.9737368   0.3060365 ]]
rotation error: 17.7198074279
translation error: 0.00687727857774
error: 0.017858785611
threshold: 0.026694047451
[0]
[[0.000e+00 1.000e+00 1.322e+02 1.189e+02 5.898e+02 4.951e+02 6.126e+03]]
im_segment: 7/1839 0.291s 0.000s
per-class segmentation IoU
__background__ 0.9982317586
01 0.993253607989
/home/icu/PoseCNN_1/output/lov/lov_val/vgg16_fcn_color_single_frame_2d_pose_add_lov_iter_100000/mat/000007.mat
01
gt pose
[[ 0.          1.          0.          0.02043984]
 [ 0.96386126  0.         -0.2664047   0.03399757]
 [-0.2664047   0.         -0.96386126  0.3       ]]
estimated pose
[[ 0.2980596   0.95422214  0.02490935  0.02009069]
 [ 0.938328   -0.2881052  -0.19114333  0.03643855]
 [-0.17521669  0.08034524 -0.98124593  0.32178214]]
rotation error: 18.008143893
translation error: 0.0219212680882
error: 0.0274187059075
threshold: 0.026694047451
[0]
[[0.000e+00 1.000e+00 3.011e+02 1.450e+01 7.169e+02 3.115e+02 5.884e+03]]
im_segment: 8/1839 0.274s 0.000s
per-class segmentation IoU
__background__ 0.997357069939
01 0.989087698254
/home/icu/PoseCNN_1/output/lov/lov_val/vgg16_fcn_color_single_frame_2d_pose_add_lov_iter_100000/mat/000008.mat
01
gt pose
[[-0.29524181  0.95542256  0.          0.09695824]
 [ 0.91779004  0.28361272 -0.27789435 -0.04393532]
 [-0.26550653 -0.08204603 -0.96061164  0.3       ]]
estimated pose
[[-0.3340305   0.9416662   0.04109037  0.10424946]
 [ 0.9191984   0.33508712 -0.20685981 -0.04476005]
 [-0.20856173 -0.03132728 -0.97750735  0.32477382]]
rotation error: 5.31223617225
translation error: 0.0258376513794
error: 0.0261310973387
threshold: 0.026694047451
[0]
[[0.000e+00 1.000e+00 4.099e+02 2.040e+01 6.761e+02 4.076e+02 4.746e+03]]
im_segment: 9/1839 0.248s 0.000s
per-class segmentation IoU
__background__ 0.998445429135
01 0.991923789575
/home/icu/PoseCNN_1/output/lov/lov_val/vgg16_fcn_color_single_frame_2d_pose_add_lov_iter_100000/mat/000009.mat
01
gt pose
[[-0.71749744  0.69656114  0.          0.11582579]
 [ 0.66900746  0.68911559 -0.27847571 -0.01046079]
 [-0.19397536 -0.19980561 -0.96044327  0.3       ]]
estimated pose
[[-0.74955803  0.6536694   0.10430266  0.12383512]
 [ 0.63293284  0.7538927  -0.17618668 -0.01592013]
 [-0.19380087 -0.06604556 -0.9788152   0.32554877]]
rotation error: 8.87923250528
translation error: 0.0273256899308
error: 0.0288814940678
threshold: 0.026694047451
[0]
[[ 0.000e+00  1.000e+00 -2.400e+01 -9.440e+01  2.840e+02  2.664e+02
   3.641e+03]]
im_segment: 10/1839 0.201s 0.000s
per-class segmentation IoU
__background__ 0.998674962768
01 0.991043947727
/home/icu/PoseCNN_1/output/lov/lov_val/vgg16_fcn_color_single_frame_2d_pose_add_lov_iter_100000/mat/000010.mat
01
gt pose
[[-0.71749744 -0.69656114  0.         -0.10115103]
 [-0.66900746  0.68911559 -0.27847571 -0.08525544]
 [ 0.19397536 -0.19980561 -0.96044327  0.3       ]]
estimated pose
[[-0.7940165  -0.60650635 -0.0410837  -0.10459225]
 [-0.5733247   0.76961446 -0.28105578 -0.08341924]
 [ 0.20208071 -0.19960862 -0.95881164  0.306614  ]]
rotation error: 7.17963873031
translation error: 0.00767846328115
error: 0.00986150727648
threshold: 0.026694047451
[0]
[[ 0.000e+00  1.000e+00 -3.480e+01  1.512e+02  2.908e+02  4.768e+02
   3.875e+03]]
im_segment: 11/1839 0.212s 0.000s
per-class segmentation IoU
__background__ 0.999053485521
01 0.993504002455
/home/icu/PoseCNN_1/output/lov/lov_val/vgg16_fcn_color_single_frame_2d_pose_add_lov_iter_100000/mat/000011.mat
01
gt pose
[[ 0.71749744 -0.69656114  0.         -0.10377152]
 [-0.66900746 -0.68911559 -0.27847571  0.03242845]
 [ 0.19397536  0.19980561 -0.96044327  0.3       ]]
estimated pose
[[ 0.8189117  -0.5732321   0.02808248 -0.10732704]
 [-0.53232944 -0.7769455  -0.33612666  0.03906843]
 [ 0.21449715  0.26030892 -0.941398    0.3114411 ]]
rotation error: 9.97337112977
translation error: 0.0136978001354
error: 0.0165803620869
threshold: 0.026694047451
[0]
[[0.000e+00 1.000e+00 3.283e+02 2.330e+01 6.737e+02 3.687e+02 6.337e+03]]
im_segment: 12/1839 0.297s 0.000s
per-class segmentation IoU
__background__ 0.998674349693
01 0.994942773489
/home/icu/PoseCNN_1/output/lov/lov_val/vgg16_fcn_color_single_frame_2d_pose_add_lov_iter_100000/mat/000012.mat
01
gt pose
[[-0.52573111  0.85065081  0.          0.09276545]
 [ 0.78507861  0.48520527 -0.38500315 -0.02353678]
 [-0.32750324 -0.20240813 -0.92291526  0.3       ]]
estimated pose
[[-0.58690614  0.8081066   0.05004847  0.09996139]
 [ 0.77230716  0.5773203  -0.26503384 -0.02614003]
 [-0.24306959 -0.1168972  -0.9629394   0.32559118]]
rotation error: 8.80513190859
translation error: 0.0267107982007
error: 0.027666323249
threshold: 0.026694047451
[0]
[[ 0.000e+00  1.000e+00  2.120e+02 -1.116e+02  6.300e+02  2.756e+02
   4.705e+03]]
im_segment: 13/1839 0.224s 0.000s
per-class segmentation IoU
__background__ 0.999096207548
01 0.995177743431
/home/icu/PoseCNN_1/output/lov/lov_val/vgg16_fcn_color_single_frame_2d_pose_add_lov_iter_100000/mat/000013.mat
01
gt pose
[[-0.92702849  0.3749909   0.          0.05031346]
 [ 0.35393222  0.87496856 -0.33039672 -0.0847324 ]
 [-0.12389577 -0.30628718 -0.94384215  0.3       ]]
estimated pose
[[-0.9208009   0.38178822  0.07976936  0.05286098]
 [ 0.37840107  0.92403215 -0.05456359 -0.08819038]
 [-0.09454118 -0.0200574  -0.9953188   0.31604946]]
rotation error: 16.8126580489
translation error: 0.0166142269429
error: 0.0217933625291
threshold: 0.026694047451
[0]
[[ 0.000e+00  1.000e+00 -3.870e+01  1.014e+02  2.407e+02  5.766e+02
   4.633e+03]]
im_segment: 14/1839 0.239s 0.000s
per-class segmentation IoU
__background__ 0.998548996454
01 0.992238621117
/home/icu/PoseCNN_1/output/lov/lov_val/vgg16_fcn_color_single_frame_2d_pose_add_lov_iter_100000/mat/000014.mat
01
gt pose
[[-0.98422079 -0.17694474  0.         -0.11792218]
 [-0.16638643  0.92549222 -0.34026416  0.04916571]
 [ 0.06020796 -0.33489506 -0.94032989  0.3       ]]
estimated pose
[[-0.9922916  -0.11906887 -0.03435067 -0.11855444]
 [-0.10619248  0.95986766 -0.25957116  0.05114906]
 [ 0.06387894 -0.25392252 -0.96511286  0.3026022 ]]
rotation error: 6.15996850278
translation error: 0.00333239287356
error: 0.0060819075495
threshold: 0.026694047451
[0]
[[ 0.000e+00  1.000e+00 -1.472e+02  1.983e+02  3.632e+02  4.777e+02
   3.332e+03]]
im_segment: 15/1839 0.201s 0.000s
per-class segmentation IoU
__background__ 0.999103148985
01 0.993565369991
/home/icu/PoseCNN_1/output/lov/lov_val/vgg16_fcn_color_single_frame_2d_pose_add_lov_iter_100000/mat/000015.mat
01
gt pose
[[-0.34768538 -0.93761126  0.         -0.09486184]
 [-0.87690846  0.32517554 -0.3539667   0.03661277]
 [ 0.33188316 -0.12306904 -0.93525803  0.3       ]]
estimated pose
[[-0.20007196 -0.9796975   0.01280996 -0.11491187]
 [-0.89854926  0.17825617 -0.40104115  0.05064702]
 [ 0.39061552 -0.09174746 -0.91597056  0.30275488]]
rotation error: 9.31946125877
translation error: 0.0246283012931
error: 0.0260259231682
threshold: 0.026694047451
[0]
[[ 0.0000000e+00  1.0000000e+00 -2.3600000e+01 -2.2800001e+01
   2.0960001e+02  3.9079999e+02  4.0990000e+03]]
im_segment: 16/1839 0.221s 0.000s
per-class segmentation IoU
__background__ 0.998828046984
01 0.992620188885
/home/icu/PoseCNN_1/output/lov/lov_val/vgg16_fcn_color_single_frame_2d_pose_add_lov_iter_100000/mat/000016.mat
01
gt pose
[[ 0.98422079 -0.17694474  0.         -0.12211497]
 [-0.16638643 -0.92549222 -0.34026416 -0.02824413]
 [ 0.06020796  0.33489506 -0.94032989  0.3       ]]
estimated pose
[[ 0.99127024 -0.13020967  0.02070671 -0.12568834]
 [-0.12325041 -0.97092515 -0.2052168  -0.0313498 ]
 [ 0.04682587  0.2008732  -0.97849756  0.30976102]]
rotation error: 8.54696787593
translation error: 0.0108485769273
error: 0.0123163093992
threshold: 0.026694047451
[0]
[[ 0.000e+00  1.000e+00 -1.030e+01  2.169e+02  2.163e+02  6.371e+02
   3.240e+03]]
im_segment: 17/1839 0.178s 0.000s
per-class segmentation IoU
__background__ 0.998623336987
01 0.988545801642
/home/icu/PoseCNN_1/output/lov/lov_val/vgg16_fcn_color_single_frame_2d_pose_add_lov_iter_100000/mat/000017.mat
01
gt pose
[[ 0.98422079  0.17694474  0.         -0.11687398]
 [ 0.16638643 -0.92549222 -0.34026416  0.09937751]
 [-0.06020796  0.33489506 -0.94032989  0.3       ]]
estimated pose
[[ 0.99507666  0.09833486  0.01235721 -0.11877193]
 [ 0.09629226 -0.9297481  -0.3553817   0.09863443]
 [-0.02345731  0.35482195 -0.9346395   0.3058853 ]]
rotation error: 4.6894531324
translation error: 0.0062282391562
error: 0.00713783039869
threshold: 0.026694047451
[0]
[[0.000e+00 1.000e+00 3.790e+01 7.950e+01 4.801e+02 4.865e+02 6.363e+03]]
im_segment: 18/1839 0.304s 0.000s
per-class segmentation IoU
__background__ 0.998539332797
01 0.994570468872
/home/icu/PoseCNN_1/output/lov/lov_val/vgg16_fcn_color_single_frame_2d_pose_add_lov_iter_100000/mat/000018.mat
01
gt pose
[[-0.77743752  0.62896017  0.         -0.03354231]
 [ 0.57581451  0.71174588 -0.40231264  0.02301374]
 [-0.25303862 -0.31277294 -0.91550234  0.3       ]]
estimated pose
[[-0.8756805   0.48284245  0.00684073 -0.03573214]
 [ 0.45662573  0.8325763  -0.3135438   0.02203872]
 [-0.15708768 -0.27144054 -0.9495491   0.3086801 ]]
rotation error: 11.4645769579
translation error: 0.00900499553058
error: 0.0143685202661
threshold: 0.026694047451
[0]
[[ 0.000e+00  1.000e+00  1.904e+02 -5.410e+01  4.896e+02  2.341e+02
   3.537e+03]]
im_segment: 19/1839 0.191s 0.000s
per-class segmentation IoU
__background__ 0.998790443393
01 0.991204948897
/home/icu/PoseCNN_1/output/lov/lov_val/vgg16_fcn_color_single_frame_2d_pose_add_lov_iter_100000/mat/000019.mat
01
gt pose
[[-0.88014643 -0.47470228  0.          0.00733738]
 [-0.43681162  0.80989329 -0.39149516 -0.08787064]
 [ 0.18584365 -0.34457307 -0.92018016  0.3       ]]
estimated pose
[[-0.859485   -0.50439996 -0.08286452  0.00827292]
 [-0.44288066  0.81576943 -0.37199062 -0.08517244]
 [ 0.25523037 -0.2830212  -0.9245305   0.32129374]]
rotation error: 5.32282003186
translation error: 0.0214843885562
error: 0.0215880060596
threshold: 0.026694047451
[0]
[[ 0.000e+00  1.000e+00  1.025e+02 -1.080e+01  4.215e+02  3.808e+02
   4.567e+03]]
im_segment: 20/1839 0.239s 0.000s
per-class segmentation IoU
__background__ 0.998797423269
01 0.993233925185
/home/icu/PoseCNN_1/output/lov/lov_val/vgg16_fcn_color_single_frame_2d_pose_add_lov_iter_100000/mat/000020.mat
01
gt pose
[[ 0.98935413 -0.14552805  0.         -0.03301821]
 [-0.1332053  -0.90557942 -0.4027186  -0.02981325]
 [ 0.05860685  0.39843131 -0.91532384  0.3       ]]
estimated pose
[[ 0.98650235 -0.16237195  0.02117748 -0.03531859]
 [-0.14468518 -0.9249026  -0.35159838 -0.03178601]
 [ 0.07667682  0.34378856 -0.9359114   0.31957647]]
rotation error: 3.53130397113
translation error: 0.0198096380996
error: 0.0198433342841
threshold: 0.026694047451
[0]
[[ 0.000e+00  1.000e+00  9.270e+01 -7.880e+01  3.633e+02  2.688e+02
   4.616e+03]]
im_segment: 21/1839 0.218s 0.000s
per-class segmentation IoU
__background__ 0.99877859205
01 0.993116841083
/home/icu/PoseCNN_1/output/lov/lov_val/vgg16_fcn_color_single_frame_2d_pose_add_lov_iter_100000/mat/000021.mat
01
gt pose
[[ 0.95142295  0.30788694  0.         -0.04978936]
 [ 0.28322009 -0.8751982  -0.39219191 -0.07531769]
 [-0.12075076  0.37314038 -0.91988342  0.3       ]]
estimated pose
[[ 0.97112083  0.23822346  0.01318518 -0.05368201]
 [ 0.23413293 -0.94090104 -0.2447179  -0.08099777]
 [-0.0458916   0.24073774 -0.9695046   0.31593502]]
rotation error: 9.89367653703
translation error: 0.017359168226
error: 0.0191822212389
threshold: 0.026694047451
[0]
[[ 0.000e+00  1.000e+00  3.185e+02 -6.570e+01  7.255e+02  2.797e+02
   5.186e+03]]
im_segment: 22/1839 0.236s 0.000s
per-class segmentation IoU
__background__ 0.998800009412
01 0.994171872619
/home/icu/PoseCNN_1/output/lov/lov_val/vgg16_fcn_color_single_frame_2d_pose_add_lov_iter_100000/mat/000022.mat
01
gt pose
[[ 0.65431749  0.75621996  0.          0.10377152]
 [ 0.68459413 -0.59234341 -0.42480603 -0.07427161]
 [-0.3212468   0.27795802 -0.9052844   0.3       ]]
estimated pose
[[ 0.77925897  0.626655   -0.00768742  0.10433364]
 [ 0.5600365  -0.7018182  -0.44023943 -0.07147382]
 [-0.28127337  0.33875528 -0.8978478   0.3035585 ]]
rotation error: 10.3863803095
translation error: 0.00456141612925
error: 0.0105496735135
threshold: 0.026694047451
[0]
[[0.000e+00 1.000e+00 9.930e+01 1.293e+02 5.767e+02 5.627e+02 6.813e+03]]
im_segment: 23/1839 0.301s 0.000s
per-class segmentation IoU
__background__ 0.998472710749
01 0.994805900954
/home/icu/PoseCNN_1/output/lov/lov_val/vgg16_fcn_color_single_frame_2d_pose_add_lov_iter_100000/mat/000023.mat
01
gt pose
[[ 0.20177411  0.97943209  0.          0.00471689]
 [ 0.89420435 -0.18421623 -0.40799873  0.05544219]
 [-0.39960705  0.08232358 -0.91298249  0.3       ]]
estimated pose
[[ 0.521089    0.85345143  0.0093235   0.00682051]
 [ 0.8168471  -0.49551317 -0.295343    0.05554381]
 [-0.247441    0.16151588 -0.9553458   0.30647406]]
rotation error: 20.9617379463
translation error: 0.00680801159763
error: 0.0210413537053
threshold: 0.026694047451
[0]
[[0.000e+00 1.000e+00 2.210e+01 2.998e+02 4.159e+02 6.122e+02 4.506e+03]]
im_segment: 24/1839 0.199s 0.000s
per-class segmentation IoU
__background__ 0.999012973446
01 0.994541090507
/home/icu/PoseCNN_1/output/lov/lov_val/vgg16_fcn_color_single_frame_2d_pose_add_lov_iter_100000/mat/000024.mat
01
gt pose
[[-0.40385184  0.9148244   0.         -0.05293396]
 [ 0.79334589  0.3502248  -0.49794064  0.11768389]
 [-0.45552825 -0.20109424 -0.86721112  0.3       ]]
estimated pose
[[-0.44891244  0.8909202   0.068838   -0.05742135]
 [ 0.78511465  0.43003845 -0.44571495  0.11538116]
 [-0.42669946 -0.14604129 -0.8925241   0.30931953]]
rotation error: 5.87491752962
translation error: 0.0105968312807
error: 0.0114477875199
threshold: 0.026694047451
[0]
[[ 0.000e+00  1.000e+00  6.300e+01 -1.010e+01  4.810e+02  3.661e+02
   7.116e+03]]
im_segment: 25/1839 0.331s 0.000s
per-class segmentation IoU
__background__ 0.998278011995
01 0.994347922931
/home/icu/PoseCNN_1/output/lov/lov_val/vgg16_fcn_color_single_frame_2d_pose_add_lov_iter_100000/mat/000025.mat
01
gt pose
[[-0.63594447  0.77173482  0.         -0.02987362]
 [ 0.67128545  0.55316963 -0.49333478 -0.03347453]
 [-0.38072363 -0.31373352 -0.86983952  0.3       ]]
estimated pose
[[-0.8121933   0.58171874  0.04410315 -0.0289303 ]
 [ 0.5425401   0.7809536  -0.3094539  -0.03471975]
 [-0.21445768 -0.2274087  -0.949891    0.31092167]]
rotation error: 18.7773276663
translation error: 0.011032826905
error: 0.0226705481851
threshold: 0.026694047451
[0]
[[ 0.000e+00  1.000e+00 -7.960e+01  1.821e+02  2.636e+02  6.639e+02
   3.442e+03]]
im_segment: 26/1839 0.176s 0.000s
per-class segmentation IoU
__background__ 0.998825317348
01 0.990884749046
/home/icu/PoseCNN_1/output/lov/lov_val/vgg16_fcn_color_single_frame_2d_pose_add_lov_iter_100000/mat/000026.mat
01
gt pose
[[-1.          0.          0.         -0.12159087]
 [ 0.          0.87961848 -0.47567985  0.09100888]
 [ 0.         -0.47567985 -0.87961848  0.3       ]]
estimated pose
[[-0.99834555 -0.05144674 -0.0256811  -0.1248654 ]
 [-0.03823393  0.9275317  -0.37178364  0.09666789]
 [ 0.04294709 -0.37018663 -0.9279642   0.3064136 ]]
rotation error: 7.38395326638
translation error: 0.00915866589318
error: 0.0120519496404
threshold: 0.026694047451
[0]
[[0.000e+00 1.000e+00 2.799e+02 2.369e+02 6.561e+02 5.031e+02 2.522e+03]]
im_segment: 27/1839 0.163s 0.000s
per-class segmentation IoU
__background__ 0.99934526563
01 0.993018137664
/home/icu/PoseCNN_1/output/lov/lov_val/vgg16_fcn_color_single_frame_2d_pose_add_lov_iter_100000/mat/000027.mat
01
gt pose
[[-0.40385184 -0.9148244   0.          0.09591004]
 [-0.79334589  0.3502248  -0.49794064  0.05230395]
 [ 0.45552825 -0.20109424 -0.86721112  0.3       ]]
estimated pose
[[-0.3357871  -0.9419258   0.0047767   0.07302247]
 [-0.8615249   0.3050668  -0.4058438   0.06532499]
 [ 0.38081753 -0.14039233 -0.91393     0.29283464]]
rotation error: 7.25320926471
translation error: 0.0272897549799
error: 0.0287203713634
threshold: 0.026694047451
[0]
[[0.000e+00 1.000e+00 6.270e+01 9.500e+00 3.993e+02 3.945e+02 4.256e+03]]
im_segment: 28/1839 0.225s 0.000s
per-class segmentation IoU
__background__ 0.998895596
01 0.993224429181
/home/icu/PoseCNN_1/output/lov/lov_val/vgg16_fcn_color_single_frame_2d_pose_add_lov_iter_100000/mat/000028.mat
01
gt pose
[[ 0.96550865 -0.26037097  0.         -0.04716887]
 [-0.23249514 -0.86213938 -0.45017964 -0.02039854]
 [ 0.11721371  0.43465233 -0.89293801  0.3       ]]
estimated pose
[[ 0.95212114 -0.30502763  0.02057805 -0.0542393 ]
 [-0.2704116  -0.87164783 -0.40878785 -0.02299824]
 [ 0.1426284   0.38365102 -0.9123973   0.32937437]]
rotation error: 3.9421775498
translation error: 0.030324960573
error: 0.0303203812613
threshold: 0.026694047451
[0]
[[0.000e+00 1.000e+00 1.603e+02 3.100e+01 4.177e+02 4.710e+02 5.211e+03]]
im_segment: 29/1839 0.263s 0.000s
per-class segmentation IoU
__background__ 0.998526709272
01 0.992819631433
/home/icu/PoseCNN_1/output/lov/lov_val/vgg16_fcn_color_single_frame_2d_pose_add_lov_iter_100000/mat/000029.mat
01
gt pose
[[ 0.96550865  0.26037097  0.         -0.01729525]
 [ 0.23249514 -0.86213938 -0.45017964  0.00627647]
 [-0.11721371  0.43465233 -0.89293801  0.3       ]]
estimated pose
[[ 0.96906847  0.24586707  0.02134561 -0.02031345]
 [ 0.22656012 -0.85199416 -0.47199208  0.00500421]
 [-0.09786098  0.46222872 -0.8813444   0.32066444]]
rotation error: 2.05075846454
translation error: 0.0209224053267
error: 0.020940064287
threshold: 0.026694047451
[0]
[[0.000e+00 1.000e+00 1.683e+02 2.028e+02 4.257e+02 6.472e+02 3.375e+03]]
im_segment: 30/1839 0.179s 0.000s
per-class segmentation IoU
__background__ 0.999056593425
01 0.99240752185
/home/icu/PoseCNN_1/output/lov/lov_val/vgg16_fcn_color_single_frame_2d_pose_add_lov_iter_100000/mat/000030.mat
01
gt pose
[[ 0.91488214  0.40372102  0.         -0.01415066]
 [ 0.36106188 -0.81821122 -0.44739772  0.10199271]
 [-0.18062387  0.40931619 -0.8943351   0.3       ]]
estimated pose
[[ 0.9496769   0.31237695  0.02311897 -0.01583023]
 [ 0.26461306 -0.76058936 -0.59286076  0.10227144]
 [-0.16761199  0.5691437  -0.8049731   0.3206316 ]]
rotation error: 11.3021325068
translation error: 0.0207017220723
error: 0.0222386163395
threshold: 0.026694047451
[0]
[[ 0.0000000e+00  1.0000000e+00 -1.4000002e+00 -1.2970000e+02
   3.3739999e+02  1.9370000e+02  3.4850000e+03]]
im_segment: 31/1839 0.166s 0.000s
per-class segmentation IoU
__background__ 0.999261113623
01 0.994317217981
/home/icu/PoseCNN_1/output/lov/lov_val/vgg16_fcn_color_single_frame_2d_pose_add_lov_iter_100000/mat/000031.mat
01
gt pose
[[ 0.83951089  0.54334286  0.         -0.08123528]
 [ 0.48428555 -0.74826232 -0.45339939 -0.11872997]
 [-0.24635132  0.38063373 -0.89130746  0.3       ]]
estimated pose
[[ 0.8837396   0.46768057  0.01670893 -0.08976725]
 [ 0.44338402 -0.8253376  -0.34961176 -0.11965717]
 [-0.14971612  0.31637424 -0.9367456   0.32674193]]
rotation error: 8.29813659664
translation error: 0.0280853224526
error: 0.0287533852877
threshold: 0.026694047451
[0]
[[ 0.0000000e+00  1.0000000e+00 -1.6800001e+01 -2.0400000e+01
   3.5279999e+02  2.9639999e+02  6.8310000e+03]]
im_segment: 32/1839 0.291s 0.000s
per-class segmentation IoU
__background__ 0.998706008476
01 0.99550303436
/home/icu/PoseCNN_1/output/lov/lov_val/vgg16_fcn_color_single_frame_2d_pose_add_lov_iter_100000/mat/000032.mat
01
gt pose
[[ 0.08794845  0.99612503  0.         -0.08123528]
 [ 0.88112318 -0.07779487 -0.46644388 -0.05282699]
 [-0.46463643  0.04102301 -0.88455079  0.3       ]]
estimated pose
[[ 0.2291761   0.97315323  0.02123553 -0.08550771]
 [ 0.75847816 -0.16486193 -0.63050073 -0.05646032]
 [-0.610073    0.16060235 -0.7758979   0.31123772]]
rotation error: 13.9347831901
translation error: 0.0125595058449
error: 0.0160300108045
threshold: 0.026694047451
[0]
[[0.000e+00 1.000e+00 1.561e+02 7.620e+01 5.939e+02 5.118e+02 6.274e+03]]
im_segment: 33/1839 0.306s 0.000s
per-class segmentation IoU
__background__ 0.998330167353
01 0.993627681227
/home/icu/PoseCNN_1/output/lov/lov_val/vgg16_fcn_color_single_frame_2d_pose_add_lov_iter_100000/mat/000033.mat
01
gt pose
[[-0.88014643  0.47470228  0.          0.02725313]
 [ 0.41023193  0.76061183 -0.50316936  0.02719805]
 [-0.23885564 -0.44286271 -0.86418783  0.3       ]]
estimated pose
[[-0.9378715   0.3467115   0.01372195  0.02551884]
 [ 0.31671607  0.8715461  -0.3742971   0.02659991]
 [-0.14173241 -0.34669662 -0.92720735  0.29367912]]
rotation error: 11.4937267309
translation error: 0.00658172269567
error: 0.0151179053131
threshold: 0.026694047451
[0]
[[0.000e+00 1.000e+00 1.250e+02 1.519e+02 5.210e+02 6.161e+02 4.915e+03]]
im_segment: 34/1839 0.241s 0.000s
per-class segmentation IoU
__background__ 0.99893926619
01 0.994551333227
/home/icu/PoseCNN_1/output/lov/lov_val/vgg16_fcn_color_single_frame_2d_pose_add_lov_iter_100000/mat/000034.mat
01
gt pose
[[-0.97431034  0.22520961  0.         -0.0010482 ]
 [ 0.1945707   0.84175916 -0.50357101  0.07217945]
 [-0.11340903 -0.49063444 -0.86395384  0.3       ]]
estimated pose
[[-0.99964184  0.02251696 -0.0144633  -0.00117544]
 [ 0.02590716  0.9497136  -0.3120463   0.07364422]
 [ 0.00670966 -0.31230924 -0.9499568   0.2975685 ]]
rotation error: 16.8801687842
translation error: 0.00284146560478
error: 0.0200589764666
threshold: 0.026694047451
[0]
[[ 0.000e+00  1.000e+00  4.479e+02 -2.140e+01  6.481e+02  4.494e+02
   4.036e+03]]
im_segment: 35/1839 0.219s 0.000s
per-class segmentation IoU
__background__ 0.998979775551
01 0.993343774471
/home/icu/PoseCNN_1/output/lov/lov_val/vgg16_fcn_color_single_frame_2d_pose_add_lov_iter_100000/mat/000035.mat
01
gt pose
[[-1.          0.          0.          0.11844628]
 [ 0.          0.85065081 -0.52573111 -0.01935246]
 [ 0.         -0.52573111 -0.85065081  0.3       ]]
estimated pose
[[-0.9887001  -0.14621378 -0.03306741  0.11685329]
 [-0.12305437  0.91758627 -0.37801197 -0.01468533]
 [ 0.08561276 -0.36967143 -0.9252099   0.30029848]]
rotation error: 12.9212631429
translation error: 0.00494052909127
error: 0.0161763069602
threshold: 0.026694047451
[0]
[[0.000e+00 1.000e+00 2.209e+02 8.600e+01 5.311e+02 5.480e+02 4.539e+03]]
im_segment: 36/1839 0.242s 0.000s
per-class segmentation IoU
__background__ 0.99833449842
01 0.990491352801
/home/icu/PoseCNN_1/output/lov/lov_val/vgg16_fcn_color_single_frame_2d_pose_add_lov_iter_100000/mat/000036.mat
01
gt pose
[[-0.99423243 -0.10724679  0.          0.02672903]
 [-0.09208418  0.85366731 -0.51261352  0.03608973]
 [ 0.05497616 -0.50965699 -0.85861946  0.3       ]]
estimated pose
[[-0.9915797  -0.12455294 -0.03544294  0.02686414]
 [-0.10491914  0.9331304  -0.34388897  0.03960325]
 [ 0.07590527 -0.33727467 -0.93834114  0.30306804]]
rotation error: 10.9645080685
translation error: 0.00466647567946
error: 0.01286687376
threshold: 0.026694047451
[0]
[[ 0.000e+00  1.000e+00  1.153e+02 -1.280e+01  4.607e+02  2.908e+02
   3.178e+03]]
im_segment: 37/1839 0.180s 0.000s
per-class segmentation IoU
__background__ 0.999280711442
01 0.993836767727
/home/icu/PoseCNN_1/output/lov/lov_val/vgg16_fcn_color_single_frame_2d_pose_add_lov_iter_100000/mat/000037.mat
01
gt pose
[[-0.71749744 -0.69656114  0.         -0.01519886]
 [-0.58978918  0.60751626 -0.53204578 -0.06067258]
 [ 0.37060242 -0.38174148 -0.84671559  0.3       ]]
estimated pose
[[-0.7616469  -0.6469135  -0.03737565 -0.02081778]
 [-0.5655219   0.6917642  -0.44905153 -0.05745712]
 [ 0.31635264 -0.32088196 -0.8927238   0.31980616]]
rotation error: 6.9212659765
translation error: 0.020837355807
error: 0.0214442466614
threshold: 0.026694047451
[0]
[[0.000e+00 1.000e+00 3.301e+02 3.369e+02 6.799e+02 5.811e+02 1.582e+03]]
im_segment: 38/1839 0.128s 0.000s
per-class segmentation IoU
__background__ 0.999504732556
01 0.991321118611
/home/icu/PoseCNN_1/output/lov/lov_val/vgg16_fcn_color_single_frame_2d_pose_add_lov_iter_100000/mat/000038.mat
01
gt pose
[[-0.42054381 -0.90727223  0.          0.07809069]
 [-0.74982875  0.34756474 -0.56298809  0.11506869]
 [ 0.51078346 -0.23676116 -0.82646501  0.3       ]]
estimated pose
[[-0.45343563 -0.89121324 -0.01162555  0.09512381]
 [-0.7651709   0.3959298  -0.507694    0.11458568]
 [ 0.4570665  -0.22131099 -0.8614591   0.30293918]]
rotation error: 4.33728489596
translation error: 0.017291591576
error: 0.0176525967236
threshold: 0.026694047451
[0]
[[ 0.000e+00  1.000e+00  1.534e+02 -2.200e+01  5.846e+02  3.740e+02
   6.616e+03]]
im_segment: 39/1839 0.309s 0.000s
per-class segmentation IoU
__background__ 0.998781481851
01 0.995629279353
/home/icu/PoseCNN_1/output/lov/lov_val/vgg16_fcn_color_single_frame_2d_pose_add_lov_iter_100000/mat/000039.mat
01
gt pose
[[ 0.62212097  0.78292113  0.          0.02148804]
 [ 0.65014985 -0.5166189  -0.55714458 -0.03295149]
 [-0.43620027  0.34661133 -0.83041551  0.3       ]]
estimated pose
[[ 0.80452645  0.593902    0.0041924   0.02289619]
 [ 0.5103224  -0.6876602  -0.51642454 -0.03450509]
 [-0.30382264  0.41761667 -0.8563223   0.2996427 ]]
rotation error: 15.351455651
translation error: 0.00212702121017
error: 0.0149949171749
threshold: 0.026694047451
[0]
[[0.000e+00 1.000e+00 2.150e+01 2.423e+02 4.945e+02 6.757e+02 4.337e+03]]
