+ echo Logging output to experiments/logs/lov_color_2d_pose.txt.2018-10-27_16-18-05
Logging output to experiments/logs/lov_color_2d_pose.txt.2018-10-27_16-18-05
+ '[' -f /home/icu/PoseCNN_1/output/lov/lov_keyframe/vgg16_fcn_color_single_frame_2d_pose_add_lov_iter_80000/segmentations.pkl ']'
+ ./tools/test_net.py --gpu 0 --network vgg16_convs --model /home/icu/PoseCNN_1/output/lov/lov_train/vgg16_fcn_color_single_frame_2d_pose_add_lov_iter_100000.ckpt --imdb lov_val --cfg experiments/cfgs/lov_color_2d.yml --rig data/LOV/camera.json --cad data/LOV/models.txt --pose data/LOV/poses.txt --background data/cache/backgrounds.pkl
shapenet_scene_train
shapenet_scene_val
shapenet_single_train
shapenet_single_val
gmu_scene_train
gmu_scene_val
rgbd_scene_train
rgbd_scene_val
rgbd_scene_trainval
lov_train
lov_val
lov_keyframe
lov_trainval
lov_debug
lov_train_few
lov_val_few
lov_single_01_val_few
ycb_trainval
ycb_single_01_train
yumi_train
linemod_ape_train
linemod_ape_test
linemod_ape_train_few
linemod_ape_test_few
linemod_benchvise_train
linemod_benchvise_test
linemod_benchvise_train_few
linemod_benchvise_test_few
linemod_bowl_train
linemod_bowl_test
linemod_bowl_train_few
linemod_bowl_test_few
linemod_camera_train
linemod_camera_test
linemod_camera_train_few
linemod_camera_test_few
linemod_can_train
linemod_can_test
linemod_can_train_few
linemod_can_test_few
linemod_cat_train
linemod_cat_test
linemod_cat_train_few
linemod_cat_test_few
linemod_cup_train
linemod_cup_test
linemod_cup_train_few
linemod_cup_test_few
linemod_driller_train
linemod_driller_test
linemod_driller_train_few
linemod_driller_test_few
linemod_duck_train
linemod_duck_test
linemod_duck_train_few
linemod_duck_test_few
linemod_eggbox_train
linemod_eggbox_test
linemod_eggbox_train_few
linemod_eggbox_test_few
linemod_glue_train
linemod_glue_test
linemod_glue_train_few
linemod_glue_test_few
linemod_holepuncher_train
linemod_holepuncher_test
linemod_holepuncher_train_few
linemod_holepuncher_test_few
linemod_iron_train
linemod_iron_test
linemod_iron_train_few
linemod_iron_test_few
linemod_lamp_train
linemod_lamp_test
linemod_lamp_train_few
linemod_lamp_test_few
linemod_phone_train
linemod_phone_test
linemod_phone_train_few
linemod_phone_test_few
sym_train
Called with args:
Namespace(background_name='data/cache/backgrounds.pkl', cad_name='data/LOV/models.txt', cfg_file='experiments/cfgs/lov_color_2d.yml', gpu_id=0, imdb_name='lov_val', kfusion=False, model='/home/icu/PoseCNN_1/output/lov/lov_train/vgg16_fcn_color_single_frame_2d_pose_add_lov_iter_100000.ckpt', network_name='vgg16_convs', pose_name='data/LOV/poses.txt', pretrained_model=None, rig_name='data/LOV/camera.json', wait=True)
Using config:
{'ANCHOR_RATIOS': [0.5, 1, 2],
 'ANCHOR_SCALES': [8, 16, 32],
 'BACKGROUND': '',
 'CAD': '',
 'EPS': 1e-14,
 'EXP_DIR': 'lov',
 'FEATURE_STRIDE': 16,
 'FLIP_X': False,
 'GPU_ID': 0,
 'INPUT': 'COLOR',
 'NETWORK': 'VGG16',
 'PIXEL_MEANS': array([[[102.9801, 115.9465, 122.7717]]]),
 'POSE': '',
 'RIG': '',
 'RNG_SEED': 3,
 'ROOT_DIR': '/home/icu/PoseCNN_1',
 'TEST': {'BBOX_REG': True,
          'GAN': False,
          'GRID_SIZE': 256,
          'NMS': 0.3,
          'POSE_REFINE': False,
          'POSE_REG': True,
          'RANSAC': False,
          'RPN_NMS_THRESH': 0.7,
          'RPN_POST_NMS_TOP_N': 300,
          'RPN_PRE_NMS_TOP_N': 6000,
          'SCALES_BASE': [1.0],
          'SEGMENTATION': True,
          'SINGLE_FRAME': True,
          'SYNTHETIC': False,
          'VERTEX_REG_2D': True,
          'VERTEX_REG_3D': False,
          'VISUALIZE': False,
          'VOTING_THRESHOLD': -1},
 'TRAIN': {'ADAPT': False,
           'ADAPT_NUM': 400,
           'ADAPT_RATIO': 1,
           'ADAPT_ROOT': '',
           'ADAPT_WEIGHT': 0.1,
           'ADD_NOISE': True,
           'BATCH_SIZE': 128,
           'BBOX_INSIDE_WEIGHTS': [1.0, 1.0, 1.0, 1.0],
           'BBOX_NORMALIZE_MEANS': [0.0, 0.0, 0.0, 0.0],
           'BBOX_NORMALIZE_STDS': [0.1, 0.1, 0.2, 0.2],
           'BBOX_NORMALIZE_TARGETS': True,
           'BBOX_NORMALIZE_TARGETS_PRECOMPUTED': True,
           'BG_THRESH_HI': 0.5,
           'BG_THRESH_LO': 0.1,
           'CHROMATIC': True,
           'DISPLAY': 20,
           'FG_FRACTION': 0.25,
           'FG_THRESH': 0.5,
           'GAMMA': 0.1,
           'GAN': False,
           'GRID_SIZE': 256,
           'HAS_RPN': True,
           'IMS_PER_BATCH': 2,
           'LABEL_W': 1.0,
           'LEARNING_RATE': 0.001,
           'MATCHING': False,
           'MOMENTUM': 0.1,
           'NUM_CLASSES': 2,
           'NUM_STEPS': 5,
           'NUM_UNITS': 64,
           'OPTIMIZER': 'MOMENTUM',
           'POSE_REG': True,
           'POSE_W': 1.0,
           'RPN_BATCHSIZE': 256,
           'RPN_BBOX_INSIDE_WEIGHTS': [1.0, 1.0, 1.0, 1.0],
           'RPN_CLOBBER_POSITIVES': False,
           'RPN_FG_FRACTION': 0.5,
           'RPN_NEGATIVE_OVERLAP': 0.3,
           'RPN_NMS_THRESH': 0.7,
           'RPN_POSITIVE_OVERLAP': 0.7,
           'RPN_POSITIVE_WEIGHT': -1.0,
           'RPN_POST_NMS_TOP_N': 2000,
           'RPN_PRE_NMS_TOP_N': 12000,
           'SCALES_BASE': [1.0],
           'SEGMENTATION': True,
           'SINGLE_FRAME': True,
           'SNAPSHOT_INFIX': 'lov',
           'SNAPSHOT_ITERS': 10000,
           'SNAPSHOT_PREFIX': 'vgg16_fcn_color_single_frame_2d_pose_add',
           'STEPSIZE': 80000,
           'SYMSIZE': 0,
           'SYNITER': 0,
           'SYNNUM': 80000,
           'SYNROOT': 'data/LOV/data_syn/',
           'SYNTHESIZE': False,
           'SYN_CLASS_INDEX': -1,
           'SYN_HEIGHT': 480,
           'SYN_ONLINE': True,
           'SYN_RATIO': 5,
           'SYN_SAMPLE_OBJECT': True,
           'SYN_SAMPLE_POSE': True,
           'SYN_TFAR': 2.0,
           'SYN_TNEAR': 0.5,
           'SYN_WIDTH': 640,
           'THRESHOLD_LABEL': 0.7,
           'TRAINABLE': True,
           'USE_FLIPPED': False,
           'USE_GT': False,
           'VERTEX_REG_2D': True,
           'VERTEX_REG_3D': False,
           'VERTEX_W': 1.0,
           'VERTEX_W_INSIDE': 10.0,
           'VISUALIZE': False,
           'VOTING_THRESHOLD': -1,
           'WEIGHT_REG': 0.0001},
 'USE_GPU_NMS': True}
/home/icu/PoseCNN_1/tools/../lib/datasets/../../data/LOV/models/01/points.xyz
/gpu:0
Tensor("fifo_queue_Dequeue:0", dtype=float32)
Tensor("conv5_3/conv5_3:0", shape=(?, ?, ?, 512), dtype=float32)
Tensor("conv4_3/conv4_3:0", shape=(?, ?, ?, 512), dtype=float32)
Tensor("score_conv4/score_conv4:0", shape=(?, ?, ?, 64), dtype=float32)
Tensor("upscore_conv5_1:0", shape=(?, ?, ?, 64), dtype=float32)
Tensor("upscore_1:0", shape=(?, ?, ?, 64), dtype=float32)
WARNING:tensorflow:From /home/icu/PoseCNN_1/tools/../lib/networks/network.py:500: calling reduce_max (from tensorflow.python.ops.math_ops) with keep_dims is deprecated and will be removed in a future version.
Instructions for updating:
keep_dims is deprecated, use keepdims instead
WARNING:tensorflow:From /home/icu/PoseCNN_1/tools/../lib/networks/network.py:504: calling reduce_sum (from tensorflow.python.ops.math_ops) with keep_dims is deprecated and will be removed in a future version.
Instructions for updating:
keep_dims is deprecated, use keepdims instead
Tensor("score/score:0", shape=(?, ?, ?, 2), dtype=float32)
Tensor("div:0", shape=(?, ?, ?, 2), dtype=float32)
Tensor("fifo_queue_Dequeue:1", dtype=int32)
Tensor("conv5_3/conv5_3:0", shape=(?, ?, ?, 512), dtype=float32)
Tensor("conv4_3/conv4_3:0", shape=(?, ?, ?, 512), dtype=float32)
Tensor("score_conv4_vertex/BiasAdd:0", shape=(?, ?, ?, 128), dtype=float32)
Tensor("upscore_conv5_vertex_1:0", shape=(?, ?, ?, 128), dtype=float32)
Tensor("ToInt32:0", shape=(?, ?, ?), dtype=int32)
Tensor("vertex_pred/BiasAdd:0", shape=(?, ?, ?, 6), dtype=float32)
Tensor("fifo_queue_Dequeue:6", dtype=float32)
Tensor("fifo_queue_Dequeue:7", dtype=float32)
Tensor("fifo_queue_Dequeue:5", dtype=float32)
Tensor("conv5_3/conv5_3:0", shape=(?, ?, ?, 512), dtype=float32)
Tensor("hough:0", shape=(?, 7), dtype=float32)
Tensor("conv4_3/conv4_3:0", shape=(?, ?, ?, 512), dtype=float32)
Tensor("hough:0", shape=(?, 7), dtype=float32)
RoiPool(top_data=<tf.Tensor 'pool5:0' shape=(?, 7, 7, 512) dtype=float32>, argmax=<tf.Tensor 'pool5:1' shape=(?, 7, 7, 512) dtype=int32>)
RoiPool(top_data=<tf.Tensor 'pool4_1:0' shape=(?, 7, 7, 512) dtype=float32>, argmax=<tf.Tensor 'pool4_1:1' shape=(?, 7, 7, 512) dtype=int32>)
Tensor("poses_tanh:0", shape=(?, 8), dtype=float32)
Tensor("hough:3", shape=(?, 8), dtype=float32)
Tensor("poses_pred:0", shape=(?, 8), dtype=float32)
Tensor("hough:2", shape=(?, 8), dtype=float32)
Tensor("hough:3", shape=(?, 8), dtype=float32)
Tensor("fifo_queue_Dequeue:8", dtype=float32)
Tensor("fifo_queue_Dequeue:9", dtype=float32)
Use network `vgg16_convs` in training
2018-10-27 16:18:08.160367: I tensorflow/core/platform/cpu_feature_guard.cc:137] Your CPU supports instructions that this TensorFlow binary was not compiled to use: SSE4.1 SSE4.2 AVX AVX2 FMA
2018-10-27 16:18:08.250459: I tensorflow/stream_executor/cuda/cuda_gpu_executor.cc:895] successful NUMA node read from SysFS had negative value (-1), but there must be at least one NUMA node, so returning NUMA node zero
2018-10-27 16:18:08.250723: I tensorflow/core/common_runtime/gpu/gpu_device.cc:1105] Found device 0 with properties: 
name: GeForce GTX 1080 major: 6 minor: 1 memoryClockRate(GHz): 1.7335
pciBusID: 0000:01:00.0
totalMemory: 7.92GiB freeMemory: 7.23GiB
2018-10-27 16:18:08.250737: I tensorflow/core/common_runtime/gpu/gpu_device.cc:1195] Creating TensorFlow device (/device:GPU:0) -> (device: 0, name: GeForce GTX 1080, pci bus id: 0000:01:00.0, compute capability: 6.1)
Loading model weights from /home/icu/PoseCNN_1/output/lov/lov_train/vgg16_fcn_color_single_frame_2d_pose_add_lov_iter_100000.ckpt
lov_val
[0]
[[0.000e+00 1.000e+00 2.006e+02 1.252e+02 6.494e+02 4.508e+02 5.171e+03]]
im_segment: 0/1839 1.459s 0.000s
per-class segmentation IoU
__background__ 0.998132367927
01 0.991510454218
/home/icu/PoseCNN_1/output/lov/lov_val/vgg16_fcn_color_single_frame_2d_pose_add_lov_iter_100000/mat/000000.mat
01
gt pose
[[-0.52573111  0.85065081  0.          0.05660265]
 [ 0.84825128  0.52424812 -0.07505775  0.02929021]
 [-0.06384793 -0.03946019 -0.99717919  0.3       ]]
estimated pose
[[-0.7112253   0.7025587   0.02387736  0.05712119]
 [ 0.6956009   0.7082725  -0.12037189  0.02626329]
 [-0.10147999 -0.06900241 -0.99244183  0.32782415]]
rotation error: 13.9777006767
translation error: 0.027993109966
error: 0.0312429935671
threshold: 0.026694047451
[0]
[[ 0.000e+00  1.000e+00  1.778e+02 -7.030e+01  6.002e+02  3.103e+02
   5.151e+03]]
im_segment: 1/1839 0.261s 0.000s
per-class segmentation IoU
__background__ 0.998929927917
01 0.994785100287
/home/icu/PoseCNN_1/output/lov/lov_val/vgg16_fcn_color_single_frame_2d_pose_add_lov_iter_100000/mat/000001.mat
01
gt pose
[[-0.88014643  0.47470228  0.          0.03301821]
 [ 0.47044219  0.87224779 -0.13367102 -0.05805739]
 [-0.06345394 -0.11765007 -0.99102576  0.3       ]]
estimated pose
[[-0.9686397   0.23300736  0.0862821   0.03528879]
 [ 0.22860491  0.97179353 -0.05794066 -0.06743541]
 [-0.09734899 -0.03639911 -0.99458444  0.31691334]]
rotation error: 16.0328135428
translation error: 0.0194721271013
error: 0.0259393747909
threshold: 0.026694047451
[0]
[[0.000e+00 1.000e+00 1.414e+02 1.404e+02 4.406e+02 6.376e+02 3.989e+03]]
im_segment: 2/1839 0.217s 0.000s
per-class segmentation IoU
__background__ 0.999091917687
01 0.994598503853
/home/icu/PoseCNN_1/output/lov/lov_val/vgg16_fcn_color_single_frame_2d_pose_add_lov_iter_100000/mat/000002.mat
01
gt pose
[[-1.          0.          0.         -0.02253624]
 [ 0.          0.98827312 -0.15269659  0.07217945]
 [ 0.         -0.15269659 -0.98827312  0.3       ]]
estimated pose
[[-0.9992794  -0.03453823 -0.01573753 -0.018613  ]
 [-0.03075148  0.9797869  -0.1976664   0.07967259]
 [ 0.02224647 -0.19704004 -0.98014295  0.31097332]]
rotation error: 3.39226372369
translation error: 0.0138546962203
error: 0.01385190085
threshold: 0.026694047451
[0]
[[ 0.0000000e+00  1.0000000e+00  1.0000000e+02 -1.9800001e+01
   5.1800000e+02  3.7179999e+02  3.9330000e+03]]
im_segment: 3/1839 0.242s 0.000s
per-class segmentation IoU
__background__ 0.998631016701
01 0.992506682944
/home/icu/PoseCNN_1/output/lov/lov_val/vgg16_fcn_color_single_frame_2d_pose_add_lov_iter_100000/mat/000003.mat
01
gt pose
[[-0.52573111 -0.85065081  0.         -0.00576508]
 [-0.84069996  0.51958115 -0.152509   -0.03661277]
 [ 0.12973191 -0.08017873 -0.98830208  0.3       ]]
estimated pose
[[-0.3961584  -0.91817456 -0.00370033 -0.00892022]
 [-0.8710081   0.37707704 -0.31489307 -0.03615871]
 [ 0.29052213 -0.12152456 -0.94911975  0.31400275]]
rotation error: 12.7126372276
translation error: 0.0143609918979
error: 0.0175663034027
threshold: 0.026694047451
[0]
[[ 0.000e+00  1.000e+00  3.318e+02 -1.621e+02  6.442e+02  2.141e+02
   3.152e+03]]
im_segment: 4/1839 0.157s 0.000s
per-class segmentation IoU
__background__ 0.999238261059
01 0.993380614657
/home/icu/PoseCNN_1/output/lov/lov_val/vgg16_fcn_color_single_frame_2d_pose_add_lov_iter_100000/mat/000004.mat
01
gt pose
[[ 0.88014643  0.47470228  0.          0.08333167]
 [ 0.47044219 -0.87224779 -0.13367102 -0.11193046]
 [-0.06345394  0.11765007 -0.99102576  0.3       ]]
estimated pose
[[ 0.96840155  0.23600973  0.08060946  0.08459964]
 [ 0.2463767  -0.95547026 -0.16240339 -0.11208589]
 [ 0.03869117  0.177132   -0.98342615  0.29756746]]
rotation error: 15.3799970264
translation error: 0.0027475757807
error: 0.0133072228902
threshold: 0.026694047451
[0]
[[0.000e+00 1.000e+00 2.417e+02 1.378e+02 6.663e+02 4.062e+02 4.135e+03]]
im_segment: 5/1839 0.228s 0.000s
per-class segmentation IoU
__background__ 0.99864898712
01 0.991918274688
/home/icu/PoseCNN_1/output/lov/lov_val/vgg16_fcn_color_single_frame_2d_pose_add_lov_iter_100000/mat/000005.mat
01
gt pose
[[ 0.52573111 -0.85065081  0.          0.07127741]
 [-0.82764351 -0.51151182 -0.23100189  0.01046079]
 [ 0.19650194  0.12144488 -0.9729533   0.3       ]]
estimated pose
[[ 0.6634619  -0.7474324   0.03410403  0.06950117]
 [-0.71026534 -0.64349186 -0.28537953  0.01613672]
 [ 0.23524757  0.16511557 -0.9578077   0.30902287]]
rotation error: 10.6248115466
translation error: 0.010806638398
error: 0.0142470702101
threshold: 0.026694047451
[0]
[[0.000e+00 1.000e+00 2.622e+02 2.890e+01 6.978e+02 4.931e+02 5.900e+03]]
im_segment: 6/1839 0.282s 0.000s
per-class segmentation IoU
__background__ 0.998340319337
01 0.993146916112
/home/icu/PoseCNN_1/output/lov/lov_val/vgg16_fcn_color_single_frame_2d_pose_add_lov_iter_100000/mat/000006.mat
01
gt pose
[[ 0.52573111  0.85065081  0.          0.07913889]
 [ 0.82764351 -0.51151182 -0.23100189  0.00941471]
 [-0.19650194  0.12144488 -0.9729533   0.3       ]]
estimated pose
[[ 0.7715434   0.63606817 -0.01174977  0.08250549]
 [ 0.6173274  -0.75301814 -0.227751    0.0100841 ]
 [-0.15371296  0.16846631 -0.9736485   0.305205  ]]
rotation error: 18.7918087878
translation error: 0.00623490433355
error: 0.0184114766301
threshold: 0.026694047451
[0]
[[0.000e+00 1.000e+00 1.309e+02 1.190e+02 5.951e+02 4.930e+02 6.142e+03]]
im_segment: 7/1839 0.293s 0.000s
per-class segmentation IoU
__background__ 0.9982317586
01 0.993253607989
/home/icu/PoseCNN_1/output/lov/lov_val/vgg16_fcn_color_single_frame_2d_pose_add_lov_iter_100000/mat/000007.mat
01
gt pose
[[ 0.          1.          0.          0.02043984]
 [ 0.96386126  0.         -0.2664047   0.03399757]
 [-0.2664047   0.         -0.96386126  0.3       ]]
estimated pose
[[ 0.31306282  0.9493071   0.02842093  0.02118583]
 [ 0.93347615 -0.3020534  -0.19335505  0.03582821]
 [-0.17496869  0.08706255 -0.98071724  0.32133985]]
rotation error: 18.8755383792
translation error: 0.0214312101381
error: 0.0273840973822
threshold: 0.026694047451
[0]
[[0.000e+00 1.000e+00 3.042e+02 1.340e+01 7.178e+02 3.126e+02 5.840e+03]]
im_segment: 8/1839 0.272s 0.000s
per-class segmentation IoU
__background__ 0.997357069939
01 0.989087698254
/home/icu/PoseCNN_1/output/lov/lov_val/vgg16_fcn_color_single_frame_2d_pose_add_lov_iter_100000/mat/000008.mat
01
gt pose
[[-0.29524181  0.95542256  0.          0.09695824]
 [ 0.91779004  0.28361272 -0.27789435 -0.04393532]
 [-0.26550653 -0.08204603 -0.96061164  0.3       ]]
estimated pose
[[-0.3314398   0.9425526   0.04174112  0.105019  ]
 [ 0.9208218   0.33280143 -0.20329888 -0.04460493]
 [-0.20551139 -0.0289452  -0.9782266   0.32364827]]
rotation error: 5.42862482692
translation error: 0.0249933030333
error: 0.0253302313887
threshold: 0.026694047451
[0]
[[0.000e+00 1.000e+00 4.110e+02 2.240e+01 6.750e+02 4.096e+02 4.776e+03]]
im_segment: 9/1839 0.246s 0.000s
per-class segmentation IoU
__background__ 0.998445429135
01 0.991923789575
/home/icu/PoseCNN_1/output/lov/lov_val/vgg16_fcn_color_single_frame_2d_pose_add_lov_iter_100000/mat/000009.mat
01
gt pose
[[-0.71749744  0.69656114  0.          0.11582579]
 [ 0.66900746  0.68911559 -0.27847571 -0.01046079]
 [-0.19397536 -0.19980561 -0.96044327  0.3       ]]
estimated pose
[[-0.77645093  0.62330556  0.09281269  0.12352031]
 [ 0.60422474  0.7781867  -0.17128313 -0.01474738]
 [-0.17898732 -0.07691322 -0.98084044  0.3247212 ]]
rotation error: 9.66881774964
translation error: 0.0262434321326
error: 0.0284499272373
threshold: 0.026694047451
[0]
[[ 0.000e+00  1.000e+00 -3.940e+01 -9.660e+01  2.994e+02  2.686e+02
   3.648e+03]]
im_segment: 10/1839 0.197s 0.000s
per-class segmentation IoU
__background__ 0.998674962768
01 0.991043947727
/home/icu/PoseCNN_1/output/lov/lov_val/vgg16_fcn_color_single_frame_2d_pose_add_lov_iter_100000/mat/000010.mat
01
gt pose
[[-0.71749744 -0.69656114  0.         -0.10115103]
 [-0.66900746  0.68911559 -0.27847571 -0.08525544]
 [ 0.19397536 -0.19980561 -0.96044327  0.3       ]]
estimated pose
[[-0.78423774 -0.61827743 -0.052004   -0.10434373]
 [-0.579282    0.7596385  -0.295604   -0.08322103]
 [ 0.22226949 -0.20169878 -0.9538942   0.3058855 ]]
rotation error: 6.71639416306
translation error: 0.00699794579401
error: 0.00907817607532
threshold: 0.026694047451
[0]
[[ 0.000e+00  1.000e+00 -3.590e+01  1.512e+02  2.919e+02  4.768e+02
   3.868e+03]]
im_segment: 11/1839 0.211s 0.000s
per-class segmentation IoU
__background__ 0.999053485521
01 0.993504002455
/home/icu/PoseCNN_1/output/lov/lov_val/vgg16_fcn_color_single_frame_2d_pose_add_lov_iter_100000/mat/000011.mat
01
gt pose
[[ 0.71749744 -0.69656114  0.         -0.10377152]
 [-0.66900746 -0.68911559 -0.27847571  0.03242845]
 [ 0.19397536  0.19980561 -0.96044327  0.3       ]]
estimated pose
[[ 0.8189117  -0.5732321   0.02808248 -0.10734656]
 [-0.53232944 -0.7769455  -0.33612666  0.03907554]
 [ 0.21449715  0.26030892 -0.941398    0.31149775]]
rotation error: 9.97337112977
translation error: 0.0137536520751
error: 0.0166278771104
threshold: 0.026694047451
[0]
[[0.000e+00 1.000e+00 3.272e+02 2.010e+01 6.748e+02 3.699e+02 6.319e+03]]
im_segment: 12/1839 0.296s 0.000s
per-class segmentation IoU
__background__ 0.998674349693
01 0.994942773489
/home/icu/PoseCNN_1/output/lov/lov_val/vgg16_fcn_color_single_frame_2d_pose_add_lov_iter_100000/mat/000012.mat
01
gt pose
[[-0.52573111  0.85065081  0.          0.09276545]
 [ 0.78507861  0.48520527 -0.38500315 -0.02353678]
 [-0.32750324 -0.20240813 -0.92291526  0.3       ]]
estimated pose
[[-0.58807653  0.8072746   0.04973761  0.10015052]
 [ 0.77212536  0.57865334 -0.2626457  -0.02675822]
 [-0.24080801 -0.11605208 -0.96360964  0.32620722]]
rotation error: 8.95378520656
translation error: 0.0274177922588
error: 0.0283427982953
threshold: 0.026694047451
[0]
[[ 0.000e+00  1.000e+00  2.130e+02 -1.053e+02  6.310e+02  2.753e+02
   4.690e+03]]
im_segment: 13/1839 0.227s 0.000s
per-class segmentation IoU
__background__ 0.999096207548
01 0.995177743431
/home/icu/PoseCNN_1/output/lov/lov_val/vgg16_fcn_color_single_frame_2d_pose_add_lov_iter_100000/mat/000013.mat
01
gt pose
[[-0.92702849  0.3749909   0.          0.05031346]
 [ 0.35393222  0.87496856 -0.33039672 -0.0847324 ]
 [-0.12389577 -0.30628718 -0.94384215  0.3       ]]
estimated pose
[[-0.95377     0.29873163  0.0328949   0.0534203 ]
 [ 0.2926357   0.94804764 -0.12478006 -0.08654896]
 [-0.06846169 -0.10938526 -0.9916389   0.31609195]]
rotation error: 13.0379626044
translation error: 0.0164894911173
error: 0.0208559074738
threshold: 0.026694047451
[0]
[[ 0.000e+00  1.000e+00 -3.870e+01  1.003e+02  2.407e+02  5.777e+02
   4.633e+03]]
im_segment: 14/1839 0.238s 0.000s
per-class segmentation IoU
__background__ 0.998548996454
01 0.992238621117
/home/icu/PoseCNN_1/output/lov/lov_val/vgg16_fcn_color_single_frame_2d_pose_add_lov_iter_100000/mat/000014.mat
01
gt pose
[[-0.98422079 -0.17694474  0.         -0.11792218]
 [-0.16638643  0.92549222 -0.34026416  0.04916571]
 [ 0.06020796 -0.33489506 -0.94032989  0.3       ]]
estimated pose
[[-0.9922916  -0.11906887 -0.03435067 -0.11863733]
 [-0.10619248  0.95986766 -0.25957116  0.05118482]
 [ 0.06387894 -0.25392252 -0.96511286  0.3028138 ]]
rotation error: 6.15996850278
translation error: 0.00353633934427
error: 0.00619196598362
threshold: 0.026694047451
[0]
[[ 0.000e+00  1.000e+00 -1.472e+02  1.996e+02  3.632e+02  4.724e+02
   3.343e+03]]
im_segment: 15/1839 0.202s 0.000s
per-class segmentation IoU
__background__ 0.999103148985
01 0.993565369991
/home/icu/PoseCNN_1/output/lov/lov_val/vgg16_fcn_color_single_frame_2d_pose_add_lov_iter_100000/mat/000015.mat
01
gt pose
[[-0.34768538 -0.93761126  0.         -0.09486184]
 [-0.87690846  0.32517554 -0.3539667   0.03661277]
 [ 0.33188316 -0.12306904 -0.93525803  0.3       ]]
estimated pose
[[-0.21119097 -0.97741777  0.00727727 -0.11540476]
 [-0.8941671   0.19018507 -0.40533298  0.04980405]
 [ 0.39479563 -0.09210975 -0.91414016  0.3040535 ]]
rotation error: 8.77213245687
translation error: 0.0247477713952
error: 0.0260280802199
threshold: 0.026694047451
[0]
[[ 0.000e+00  1.000e+00 -2.150e+01 -2.710e+01  2.095e+02  3.931e+02
   4.078e+03]]
im_segment: 16/1839 0.218s 0.000s
per-class segmentation IoU
__background__ 0.998828046984
01 0.992620188885
/home/icu/PoseCNN_1/output/lov/lov_val/vgg16_fcn_color_single_frame_2d_pose_add_lov_iter_100000/mat/000016.mat
01
gt pose
[[ 0.98422079 -0.17694474  0.         -0.12211497]
 [-0.16638643 -0.92549222 -0.34026416 -0.02824413]
 [ 0.06020796  0.33489506 -0.94032989  0.3       ]]
estimated pose
[[ 0.99046654 -0.13624118  0.02035731 -0.1249717 ]
 [-0.12912762 -0.96972287 -0.20727663 -0.03184513]
 [ 0.04798055  0.20267187 -0.97807056  0.30932665]]
rotation error: 8.32975477963
translation error: 0.0103978126314
error: 0.0119153884922
threshold: 0.026694047451
[0]
[[ 0.000e+00  1.000e+00 -1.050e+01  2.169e+02  2.205e+02  6.371e+02
   3.256e+03]]
im_segment: 17/1839 0.177s 0.000s
per-class segmentation IoU
__background__ 0.998623336987
01 0.988545801642
/home/icu/PoseCNN_1/output/lov/lov_val/vgg16_fcn_color_single_frame_2d_pose_add_lov_iter_100000/mat/000017.mat
01
gt pose
[[ 0.98422079  0.17694474  0.         -0.11687398]
 [ 0.16638643 -0.92549222 -0.34026416  0.09937751]
 [-0.06020796  0.33489506 -0.94032989  0.3       ]]
estimated pose
[[ 0.9928325   0.11913858  0.00947008 -0.11783425]
 [ 0.11385169 -0.9187161  -0.37815157  0.09874427]
 [-0.03635212  0.37651935 -0.9256953   0.30622593]]
rotation error: 4.10510624484
translation error: 0.00633129176183
error: 0.00690323935719
threshold: 0.026694047451
[0]
[[0.000e+00 1.000e+00 3.790e+01 7.730e+01 4.801e+02 4.887e+02 6.340e+03]]
im_segment: 18/1839 0.304s 0.000s
per-class segmentation IoU
__background__ 0.998539332797
01 0.994570468872
/home/icu/PoseCNN_1/output/lov/lov_val/vgg16_fcn_color_single_frame_2d_pose_add_lov_iter_100000/mat/000018.mat
01
gt pose
[[-0.77743752  0.62896017  0.         -0.03354231]
 [ 0.57581451  0.71174588 -0.40231264  0.02301374]
 [-0.25303862 -0.31277294 -0.91550234  0.3       ]]
estimated pose
[[-0.8760717   0.48213848  0.00637518 -0.03568216]
 [ 0.4564154   0.8334508  -0.31152004  0.0220079 ]
 [-0.1555092  -0.27000418 -0.950218    0.30824834]]
rotation error: 11.5632829282
translation error: 0.00858054959131
error: 0.0142221112479
threshold: 0.026694047451
[0]
[[ 0.000e+00  1.000e+00  1.904e+02 -5.830e+01  4.896e+02  2.343e+02
   3.516e+03]]
im_segment: 19/1839 0.197s 0.000s
per-class segmentation IoU
__background__ 0.998790443393
01 0.991204948897
/home/icu/PoseCNN_1/output/lov/lov_val/vgg16_fcn_color_single_frame_2d_pose_add_lov_iter_100000/mat/000019.mat
01
gt pose
[[-0.88014643 -0.47470228  0.          0.00733738]
 [-0.43681162  0.80989329 -0.39149516 -0.08787064]
 [ 0.18584365 -0.34457307 -0.92018016  0.3       ]]
estimated pose
[[-0.86088085 -0.5020835  -0.08244008  0.00816133]
 [-0.44091874  0.81701857 -0.37157947 -0.08512879]
 [ 0.25391898 -0.2835363  -0.9247337   0.31695992]]
rotation error: 5.24711848639
translation error: 0.0171998668949
error: 0.0174160820971
threshold: 0.026694047451
[0]
[[ 0.0000000e+00  1.0000000e+00  1.0140000e+02 -1.1900001e+01
   4.2260001e+02  3.8189999e+02  4.5630000e+03]]
im_segment: 20/1839 0.243s 0.000s
per-class segmentation IoU
__background__ 0.998797423269
01 0.993233925185
/home/icu/PoseCNN_1/output/lov/lov_val/vgg16_fcn_color_single_frame_2d_pose_add_lov_iter_100000/mat/000020.mat
01
gt pose
[[ 0.98935413 -0.14552805  0.         -0.03301821]
 [-0.1332053  -0.90557942 -0.4027186  -0.02981325]
 [ 0.05860685  0.39843131 -0.91532384  0.3       ]]
estimated pose
[[ 0.98650235 -0.16237195  0.02117748 -0.03523548]
 [-0.14468518 -0.9249026  -0.35159838 -0.03171121]
 [ 0.07667682  0.34378856 -0.9359114   0.31882447]]
rotation error: 3.53130397113
translation error: 0.0190493887147
error: 0.0190933929201
threshold: 0.026694047451
[0]
[[ 0.000e+00  1.000e+00  9.280e+01 -7.980e+01  3.612e+02  2.678e+02
   4.616e+03]]
im_segment: 21/1839 0.234s 0.000s
per-class segmentation IoU
__background__ 0.99877859205
01 0.993116841083
/home/icu/PoseCNN_1/output/lov/lov_val/vgg16_fcn_color_single_frame_2d_pose_add_lov_iter_100000/mat/000021.mat
01
gt pose
[[ 0.95142295  0.30788694  0.         -0.04978936]
 [ 0.28322009 -0.8751982  -0.39219191 -0.07531769]
 [-0.12075076  0.37314038 -0.91988342  0.3       ]]
estimated pose
[[ 0.97071826  0.23991856  0.01204908 -0.05427083]
 [ 0.23505276 -0.93829006 -0.25369674 -0.08160407]
 [-0.04956102  0.24910022 -0.9672088   0.31614995]]
rotation error: 9.36492881957
translation error: 0.0179003640162
error: 0.0193840628523
threshold: 0.026694047451
[0]
[[ 0.000e+00  1.000e+00  3.185e+02 -7.210e+01  7.255e+02  2.821e+02
   5.202e+03]]
im_segment: 22/1839 0.247s 0.000s
per-class segmentation IoU
__background__ 0.998800009412
01 0.994171872619
/home/icu/PoseCNN_1/output/lov/lov_val/vgg16_fcn_color_single_frame_2d_pose_add_lov_iter_100000/mat/000022.mat
01
gt pose
[[ 0.65431749  0.75621996  0.          0.10377152]
 [ 0.68459413 -0.59234341 -0.42480603 -0.07427161]
 [-0.3212468   0.27795802 -0.9052844   0.3       ]]
estimated pose
[[ 0.7939426   0.60794955 -0.00724929  0.10502758]
 [ 0.54253346 -0.71379477 -0.44289365 -0.07301474]
 [-0.27443147  0.34769917 -0.89654505  0.30557752]]
rotation error: 11.7572949786
translation error: 0.00585372651324
error: 0.0121048206485
threshold: 0.026694047451
[0]
[[0.000e+00 1.000e+00 9.800e+01 1.292e+02 5.820e+02 5.648e+02 6.825e+03]]
im_segment: 23/1839 0.312s 0.000s
per-class segmentation IoU
__background__ 0.998472710749
01 0.994805900954
/home/icu/PoseCNN_1/output/lov/lov_val/vgg16_fcn_color_single_frame_2d_pose_add_lov_iter_100000/mat/000023.mat
01
gt pose
[[ 0.20177411  0.97943209  0.          0.00471689]
 [ 0.89420435 -0.18421623 -0.40799873  0.05544219]
 [-0.39960705  0.08232358 -0.91298249  0.3       ]]
estimated pose
[[ 0.5626986   0.826623    0.00804072  0.00788475]
 [ 0.7921742  -0.5364173  -0.29106075  0.05603133]
 [-0.23628433  0.1701491  -0.9566707   0.30621827]]
rotation error: 23.7270319466
translation error: 0.00700351722069
error: 0.0236049038729
threshold: 0.026694047451
[0]
[[0.0000000e+00 1.0000000e+00 2.5199999e+01 2.9970001e+02 4.1679999e+02
  6.1429999e+02 4.4620000e+03]]
im_segment: 24/1839 0.202s 0.000s
per-class segmentation IoU
__background__ 0.999012973446
01 0.994541090507
/home/icu/PoseCNN_1/output/lov/lov_val/vgg16_fcn_color_single_frame_2d_pose_add_lov_iter_100000/mat/000024.mat
01
gt pose
[[-0.40385184  0.9148244   0.         -0.05293396]
 [ 0.79334589  0.3502248  -0.49794064  0.11768389]
 [-0.45552825 -0.20109424 -0.86721112  0.3       ]]
estimated pose
[[-0.4434641   0.89370054  0.06811055 -0.05633098]
 [ 0.78671473  0.42453203 -0.4481658   0.11590067]
 [-0.4294411  -0.14516185 -0.89135206  0.30926675]]
rotation error: 5.5997791929
translation error: 0.0100295694633
error: 0.0109738189708
threshold: 0.026694047451
[0]
[[ 0.000e+00  1.000e+00  6.090e+01 -1.330e+01  4.811e+02  3.673e+02
   7.132e+03]]
im_segment: 25/1839 0.336s 0.000s
per-class segmentation IoU
__background__ 0.998278011995
01 0.994347922931
/home/icu/PoseCNN_1/output/lov/lov_val/vgg16_fcn_color_single_frame_2d_pose_add_lov_iter_100000/mat/000025.mat
01
gt pose
[[-0.63594447  0.77173482  0.         -0.02987362]
 [ 0.67128545  0.55316963 -0.49333478 -0.03347453]
 [-0.38072363 -0.31373352 -0.86983952  0.3       ]]
estimated pose
[[-0.7999702   0.59876066  0.03915489 -0.02945483]
 [ 0.56319606  0.77176386 -0.29528084 -0.03523953]
 [-0.2070209  -0.21416403 -0.9546077   0.310725  ]]
rotation error: 18.3921264181
translation error: 0.0108773292275
error: 0.0219645485851
threshold: 0.026694047451
[0]
[[ 0.000e+00  1.000e+00 -7.960e+01  1.855e+02  2.636e+02  6.585e+02
   3.440e+03]]
im_segment: 26/1839 0.178s 0.000s
per-class segmentation IoU
__background__ 0.998825317348
01 0.990884749046
/home/icu/PoseCNN_1/output/lov/lov_val/vgg16_fcn_color_single_frame_2d_pose_add_lov_iter_100000/mat/000026.mat
01
gt pose
[[-1.          0.          0.         -0.12159087]
 [ 0.          0.87961848 -0.47567985  0.09100888]
 [ 0.         -0.47567985 -0.87961848  0.3       ]]
estimated pose
[[-0.9980333  -0.05651913 -0.02711649 -0.12474782]
 [-0.04178429  0.92224175 -0.38434914  0.09604315]
 [ 0.04673104 -0.38246015 -0.9227896   0.30612504]]
rotation error: 6.8526246952
translation error: 0.00853383843642
error: 0.0112283918885
threshold: 0.026694047451
[0]
[[0.000e+00 1.000e+00 2.820e+02 2.392e+02 6.560e+02 4.988e+02 2.509e+03]]
im_segment: 27/1839 0.172s 0.000s
per-class segmentation IoU
__background__ 0.99934526563
01 0.993018137664
/home/icu/PoseCNN_1/output/lov/lov_val/vgg16_fcn_color_single_frame_2d_pose_add_lov_iter_100000/mat/000027.mat
01
gt pose
[[-0.40385184 -0.9148244   0.          0.09591004]
 [-0.79334589  0.3502248  -0.49794064  0.05230395]
 [ 0.45552825 -0.20109424 -0.86721112  0.3       ]]
estimated pose
[[-0.3534298  -0.9354491   0.00473469  0.07366047]
 [-0.85489196  0.32093057 -0.40763134  0.06492588]
 [ 0.37979886 -0.1481167  -0.9131344   0.2933381 ]]
rotation error: 6.59168653758
translation error: 0.0264336418246
error: 0.0276929695563
threshold: 0.026694047451
[0]
[[0.000e+00 1.000e+00 6.270e+01 8.500e+00 3.993e+02 3.935e+02 4.265e+03]]
im_segment: 28/1839 0.229s 0.000s
per-class segmentation IoU
__background__ 0.998895596
01 0.993224429181
/home/icu/PoseCNN_1/output/lov/lov_val/vgg16_fcn_color_single_frame_2d_pose_add_lov_iter_100000/mat/000028.mat
01
gt pose
[[ 0.96550865 -0.26037097  0.         -0.04716887]
 [-0.23249514 -0.86213938 -0.45017964 -0.02039854]
 [ 0.11721371  0.43465233 -0.89293801  0.3       ]]
estimated pose
[[ 0.95212114 -0.30502763  0.02057805 -0.0541859 ]
 [-0.2704116  -0.87164783 -0.40878785 -0.02354929]
 [ 0.1426284   0.38365102 -0.9123973   0.32905006]]
rotation error: 3.9421775498
translation error: 0.0300511574436
error: 0.0300368774716
threshold: 0.026694047451
[0]
[[0.000e+00 1.000e+00 1.604e+02 2.760e+01 4.156e+02 4.764e+02 5.212e+03]]
im_segment: 29/1839 0.266s 0.000s
per-class segmentation IoU
__background__ 0.998526709272
01 0.992819631433
/home/icu/PoseCNN_1/output/lov/lov_val/vgg16_fcn_color_single_frame_2d_pose_add_lov_iter_100000/mat/000029.mat
01
gt pose
[[ 0.96550865  0.26037097  0.         -0.01729525]
 [ 0.23249514 -0.86213938 -0.45017964  0.00627647]
 [-0.11721371  0.43465233 -0.89293801  0.3       ]]
estimated pose
[[ 0.966736    0.25509626  0.01863725 -0.02082654]
 [ 0.2327177  -0.84701097 -0.47792774  0.00555073]
 [-0.10613161  0.4663672  -0.8782014   0.31994078]]
rotation error: 2.11360092862
translation error: 0.0202640380502
error: 0.020353816788
threshold: 0.026694047451
[0]
[[0.000e+00 1.000e+00 1.681e+02 2.050e+02 4.299e+02 6.450e+02 3.375e+03]]
im_segment: 30/1839 0.179s 0.000s
per-class segmentation IoU
__background__ 0.999056593425
01 0.99240752185
/home/icu/PoseCNN_1/output/lov/lov_val/vgg16_fcn_color_single_frame_2d_pose_add_lov_iter_100000/mat/000030.mat
01
gt pose
[[ 0.91488214  0.40372102  0.         -0.01415066]
 [ 0.36106188 -0.81821122 -0.44739772  0.10199271]
 [-0.18062387  0.40931619 -0.8943351   0.3       ]]
estimated pose
[[ 0.95266914  0.30288124  0.02616243 -0.01467369]
 [ 0.25733387 -0.75759125 -0.5998623   0.10201932]
 [-0.1618666   0.5782028  -0.7996754   0.3198412 ]]
rotation error: 12.0265697848
translation error: 0.0198481163147
error: 0.0217401736702
threshold: 0.026694047451
[0]
[[ 0.0000000e+00  1.0000000e+00 -1.7000003e+00 -1.3910001e+02
   3.4370001e+02  1.9310001e+02  3.5200000e+03]]
im_segment: 31/1839 0.170s 0.000s
per-class segmentation IoU
__background__ 0.999261113623
01 0.994317217981
/home/icu/PoseCNN_1/output/lov/lov_val/vgg16_fcn_color_single_frame_2d_pose_add_lov_iter_100000/mat/000031.mat
01
gt pose
[[ 0.83951089  0.54334286  0.         -0.08123528]
 [ 0.48428555 -0.74826232 -0.45339939 -0.11872997]
 [-0.24635132  0.38063373 -0.89130746  0.3       ]]
estimated pose
[[ 0.88522965  0.46487224  0.01619295 -0.08794414]
 [ 0.44226936 -0.8303828  -0.33891305 -0.12235153]
 [-0.14410493  0.30717754 -0.9406783   0.3263313 ]]
rotation error: 8.92345261425
translation error: 0.0274127913298
error: 0.0280537683326
threshold: 0.026694047451
[0]
[[ 0.000e+00  1.000e+00 -1.700e+01 -2.040e+01  3.570e+02  2.964e+02
   6.832e+03]]
im_segment: 32/1839 0.293s 0.000s
per-class segmentation IoU
__background__ 0.998706008476
01 0.99550303436
/home/icu/PoseCNN_1/output/lov/lov_val/vgg16_fcn_color_single_frame_2d_pose_add_lov_iter_100000/mat/000032.mat
01
gt pose
[[ 0.08794845  0.99612503  0.         -0.08123528]
 [ 0.88112318 -0.07779487 -0.46644388 -0.05282699]
 [-0.46463643  0.04102301 -0.88455079  0.3       ]]
estimated pose
[[ 0.23162614  0.9726384   0.01799679 -0.08432976]
 [ 0.7622464  -0.16996646 -0.6245734  -0.0563998 ]
 [-0.6044252   0.15838552 -0.7807588   0.3109041 ]]
rotation error: 13.6657821359
translation error: 0.0118844379824
error: 0.0154641539469
threshold: 0.026694047451
[0]
[[0.000e+00 1.000e+00 1.572e+02 7.610e+01 5.928e+02 5.139e+02 6.272e+03]]
im_segment: 33/1839 0.301s 0.000s
per-class segmentation IoU
__background__ 0.998330167353
01 0.993627681227
/home/icu/PoseCNN_1/output/lov/lov_val/vgg16_fcn_color_single_frame_2d_pose_add_lov_iter_100000/mat/000033.mat
01
gt pose
[[-0.88014643  0.47470228  0.          0.02725313]
 [ 0.41023193  0.76061183 -0.50316936  0.02719805]
 [-0.23885564 -0.44286271 -0.86418783  0.3       ]]
estimated pose
[[-0.9378715   0.3467115   0.01372195  0.02552655]
 [ 0.31671607  0.8715461  -0.3742971   0.02712012]
 [-0.14173241 -0.34669662 -0.92720735  0.29376784]]
rotation error: 11.4937267309
translation error: 0.00646737719025
error: 0.0150886557204
threshold: 0.026694047451
[0]
[[0.000e+00 1.000e+00 1.250e+02 1.517e+02 5.210e+02 6.203e+02 4.914e+03]]
im_segment: 34/1839 0.240s 0.000s
per-class segmentation IoU
__background__ 0.99893926619
01 0.994551333227
/home/icu/PoseCNN_1/output/lov/lov_val/vgg16_fcn_color_single_frame_2d_pose_add_lov_iter_100000/mat/000034.mat
01
gt pose
[[-0.97431034  0.22520961  0.         -0.0010482 ]
 [ 0.1945707   0.84175916 -0.50357101  0.07217945]
 [-0.11340903 -0.49063444 -0.86395384  0.3       ]]
estimated pose
[[-0.9995697   0.0252104  -0.01498803 -0.00117773]
 [ 0.02860472  0.95085573 -0.30831006  0.07482761]
 [ 0.00647884 -0.30860615 -0.95116776  0.29814938]]
rotation error: 16.939589439
translation error: 0.00323331516323
error: 0.0202632527343
threshold: 0.026694047451
[0]
[[ 0.000e+00  1.000e+00  4.479e+02 -2.020e+01  6.481e+02  4.462e+02
   4.024e+03]]
im_segment: 35/1839 0.221s 0.000s
per-class segmentation IoU
__background__ 0.998979775551
01 0.993343774471
/home/icu/PoseCNN_1/output/lov/lov_val/vgg16_fcn_color_single_frame_2d_pose_add_lov_iter_100000/mat/000035.mat
01
gt pose
[[-1.          0.          0.          0.11844628]
 [ 0.          0.85065081 -0.52573111 -0.01935246]
 [ 0.         -0.52573111 -0.85065081  0.3       ]]
estimated pose
[[-0.9887001  -0.14621378 -0.03306741  0.1171763 ]
 [-0.12305437  0.91758627 -0.37801197 -0.01525093]
 [ 0.08561276 -0.36967143 -0.9252099   0.3011286 ]]
rotation error: 12.9212631429
translation error: 0.00443949577157
error: 0.015976550266
threshold: 0.026694047451
[0]
[[0.000e+00 1.000e+00 2.188e+02 8.690e+01 5.312e+02 5.511e+02 4.538e+03]]
im_segment: 36/1839 0.252s 0.000s
per-class segmentation IoU
__background__ 0.99833449842
01 0.990491352801
/home/icu/PoseCNN_1/output/lov/lov_val/vgg16_fcn_color_single_frame_2d_pose_add_lov_iter_100000/mat/000036.mat
01
gt pose
[[-0.99423243 -0.10724679  0.          0.02672903]
 [-0.09208418  0.85366731 -0.51261352  0.03608973]
 [ 0.05497616 -0.50965699 -0.85861946  0.3       ]]
estimated pose
[[-0.9916083  -0.12403964 -0.03642992  0.02630493]
 [-0.10451643  0.9350369  -0.33879533  0.0406141 ]
 [ 0.07608737 -0.33214474 -0.94015455  0.30272573]]
rotation error: 11.2756492665
translation error: 0.00529900429547
error: 0.0134793593137
threshold: 0.026694047451
[0]
[[ 0.000e+00  1.000e+00  1.132e+02 -1.280e+01  4.608e+02  2.908e+02
   3.189e+03]]
im_segment: 37/1839 0.187s 0.000s
per-class segmentation IoU
__background__ 0.999280711442
01 0.993836767727
/home/icu/PoseCNN_1/output/lov/lov_val/vgg16_fcn_color_single_frame_2d_pose_add_lov_iter_100000/mat/000037.mat
01
gt pose
[[-0.71749744 -0.69656114  0.         -0.01519886]
 [-0.58978918  0.60751626 -0.53204578 -0.06067258]
 [ 0.37060242 -0.38174148 -0.84671559  0.3       ]]
estimated pose
[[-0.7616469  -0.6469135  -0.03737565 -0.02138911]
 [-0.5655219   0.6917642  -0.44905153 -0.05749108]
 [ 0.31635264 -0.32088196 -0.8927238   0.3199952 ]]
rotation error: 6.9212659765
translation error: 0.0211718916082
error: 0.0217818399795
threshold: 0.026694047451
[0]
[[0.000e+00 1.000e+00 3.291e+02 3.368e+02 6.789e+02 5.832e+02 1.572e+03]]
im_segment: 38/1839 0.130s 0.000s
per-class segmentation IoU
__background__ 0.999504732556
01 0.991321118611
/home/icu/PoseCNN_1/output/lov/lov_val/vgg16_fcn_color_single_frame_2d_pose_add_lov_iter_100000/mat/000038.mat
01
gt pose
[[-0.42054381 -0.90727223  0.          0.07809069]
 [-0.74982875  0.34756474 -0.56298809  0.11506869]
 [ 0.51078346 -0.23676116 -0.82646501  0.3       ]]
estimated pose
[[-0.45343563 -0.89121324 -0.01162555  0.09453336]
 [-0.7651709   0.3959298  -0.507694    0.11503935]
 [ 0.4570665  -0.22131099 -0.8614591   0.30274314]]
rotation error: 4.33728489596
translation error: 0.0166699482697
error: 0.0170520897816
threshold: 0.026694047451
[0]
[[ 0.000e+00  1.000e+00  1.533e+02 -2.090e+01  5.867e+02  3.729e+02
   6.632e+03]]
im_segment: 39/1839 0.313s 0.000s
per-class segmentation IoU
__background__ 0.998781481851
01 0.995629279353
/home/icu/PoseCNN_1/output/lov/lov_val/vgg16_fcn_color_single_frame_2d_pose_add_lov_iter_100000/mat/000039.mat
01
gt pose
[[ 0.62212097  0.78292113  0.          0.02148804]
 [ 0.65014985 -0.5166189  -0.55714458 -0.03295149]
 [-0.43620027  0.34661133 -0.83041551  0.3       ]]
estimated pose
[[ 0.80452645  0.593902    0.0041924   0.02353235]
 [ 0.5103224  -0.6876602  -0.51642454 -0.03467112]
 [-0.30382264  0.41761667 -0.8563223   0.30108452]]
rotation error: 15.351455651
translation error: 0.00288314425716
error: 0.0149287718655
threshold: 0.026694047451
[0]
[[0.000e+00 1.000e+00 1.930e+01 2.400e+02 4.967e+02 6.800e+02 4.336e+03]]
