+ echo Logging output to experiments/logs/lov_color_2d_pose.txt.2018-10-27_16-06-56
Logging output to experiments/logs/lov_color_2d_pose.txt.2018-10-27_16-06-56
+ '[' -f /home/icu/PoseCNN_1/output/lov/lov_keyframe/vgg16_fcn_color_single_frame_2d_pose_add_lov_iter_80000/segmentations.pkl ']'
+ ./tools/test_net.py --gpu 0 --network vgg16_convs --model /home/icu/PoseCNN_1/output/lov/lov_train/vgg16_fcn_color_single_frame_2d_pose_add_lov_iter_100000.ckpt --imdb lov_val --cfg experiments/cfgs/lov_color_2d.yml --rig data/LOV/camera.json --cad data/LOV/models.txt --pose data/LOV/poses.txt --background data/cache/backgrounds.pkl
shapenet_scene_train
shapenet_scene_val
shapenet_single_train
shapenet_single_val
gmu_scene_train
gmu_scene_val
rgbd_scene_train
rgbd_scene_val
rgbd_scene_trainval
lov_train
lov_val
lov_keyframe
lov_trainval
lov_debug
lov_train_few
lov_val_few
lov_single_01_val_few
ycb_trainval
ycb_single_01_train
yumi_train
linemod_ape_train
linemod_ape_test
linemod_ape_train_few
linemod_ape_test_few
linemod_benchvise_train
linemod_benchvise_test
linemod_benchvise_train_few
linemod_benchvise_test_few
linemod_bowl_train
linemod_bowl_test
linemod_bowl_train_few
linemod_bowl_test_few
linemod_camera_train
linemod_camera_test
linemod_camera_train_few
linemod_camera_test_few
linemod_can_train
linemod_can_test
linemod_can_train_few
linemod_can_test_few
linemod_cat_train
linemod_cat_test
linemod_cat_train_few
linemod_cat_test_few
linemod_cup_train
linemod_cup_test
linemod_cup_train_few
linemod_cup_test_few
linemod_driller_train
linemod_driller_test
linemod_driller_train_few
linemod_driller_test_few
linemod_duck_train
linemod_duck_test
linemod_duck_train_few
linemod_duck_test_few
linemod_eggbox_train
linemod_eggbox_test
linemod_eggbox_train_few
linemod_eggbox_test_few
linemod_glue_train
linemod_glue_test
linemod_glue_train_few
linemod_glue_test_few
linemod_holepuncher_train
linemod_holepuncher_test
linemod_holepuncher_train_few
linemod_holepuncher_test_few
linemod_iron_train
linemod_iron_test
linemod_iron_train_few
linemod_iron_test_few
linemod_lamp_train
linemod_lamp_test
linemod_lamp_train_few
linemod_lamp_test_few
linemod_phone_train
linemod_phone_test
linemod_phone_train_few
linemod_phone_test_few
sym_train
Called with args:
Namespace(background_name='data/cache/backgrounds.pkl', cad_name='data/LOV/models.txt', cfg_file='experiments/cfgs/lov_color_2d.yml', gpu_id=0, imdb_name='lov_val', kfusion=False, model='/home/icu/PoseCNN_1/output/lov/lov_train/vgg16_fcn_color_single_frame_2d_pose_add_lov_iter_100000.ckpt', network_name='vgg16_convs', pose_name='data/LOV/poses.txt', pretrained_model=None, rig_name='data/LOV/camera.json', wait=True)
Using config:
{'ANCHOR_RATIOS': [0.5, 1, 2],
 'ANCHOR_SCALES': [8, 16, 32],
 'BACKGROUND': '',
 'CAD': '',
 'EPS': 1e-14,
 'EXP_DIR': 'lov',
 'FEATURE_STRIDE': 16,
 'FLIP_X': False,
 'GPU_ID': 0,
 'INPUT': 'COLOR',
 'NETWORK': 'VGG16',
 'PIXEL_MEANS': array([[[102.9801, 115.9465, 122.7717]]]),
 'POSE': '',
 'RIG': '',
 'RNG_SEED': 3,
 'ROOT_DIR': '/home/icu/PoseCNN_1',
 'TEST': {'BBOX_REG': True,
          'GAN': False,
          'GRID_SIZE': 256,
          'NMS': 0.3,
          'POSE_REFINE': False,
          'POSE_REG': True,
          'RANSAC': False,
          'RPN_NMS_THRESH': 0.7,
          'RPN_POST_NMS_TOP_N': 300,
          'RPN_PRE_NMS_TOP_N': 6000,
          'SCALES_BASE': [1.0],
          'SEGMENTATION': True,
          'SINGLE_FRAME': True,
          'SYNTHETIC': False,
          'VERTEX_REG_2D': True,
          'VERTEX_REG_3D': False,
          'VISUALIZE': False,
          'VOTING_THRESHOLD': -1},
 'TRAIN': {'ADAPT': False,
           'ADAPT_NUM': 400,
           'ADAPT_RATIO': 1,
           'ADAPT_ROOT': '',
           'ADAPT_WEIGHT': 0.1,
           'ADD_NOISE': True,
           'BATCH_SIZE': 128,
           'BBOX_INSIDE_WEIGHTS': [1.0, 1.0, 1.0, 1.0],
           'BBOX_NORMALIZE_MEANS': [0.0, 0.0, 0.0, 0.0],
           'BBOX_NORMALIZE_STDS': [0.1, 0.1, 0.2, 0.2],
           'BBOX_NORMALIZE_TARGETS': True,
           'BBOX_NORMALIZE_TARGETS_PRECOMPUTED': True,
           'BG_THRESH_HI': 0.5,
           'BG_THRESH_LO': 0.1,
           'CHROMATIC': True,
           'DISPLAY': 20,
           'FG_FRACTION': 0.25,
           'FG_THRESH': 0.5,
           'GAMMA': 0.1,
           'GAN': False,
           'GRID_SIZE': 256,
           'HAS_RPN': True,
           'IMS_PER_BATCH': 2,
           'LABEL_W': 1.0,
           'LEARNING_RATE': 0.001,
           'MATCHING': False,
           'MOMENTUM': 0.1,
           'NUM_CLASSES': 2,
           'NUM_STEPS': 5,
           'NUM_UNITS': 64,
           'OPTIMIZER': 'MOMENTUM',
           'POSE_REG': True,
           'POSE_W': 1.0,
           'RPN_BATCHSIZE': 256,
           'RPN_BBOX_INSIDE_WEIGHTS': [1.0, 1.0, 1.0, 1.0],
           'RPN_CLOBBER_POSITIVES': False,
           'RPN_FG_FRACTION': 0.5,
           'RPN_NEGATIVE_OVERLAP': 0.3,
           'RPN_NMS_THRESH': 0.7,
           'RPN_POSITIVE_OVERLAP': 0.7,
           'RPN_POSITIVE_WEIGHT': -1.0,
           'RPN_POST_NMS_TOP_N': 2000,
           'RPN_PRE_NMS_TOP_N': 12000,
           'SCALES_BASE': [1.0],
           'SEGMENTATION': True,
           'SINGLE_FRAME': True,
           'SNAPSHOT_INFIX': 'lov',
           'SNAPSHOT_ITERS': 10000,
           'SNAPSHOT_PREFIX': 'vgg16_fcn_color_single_frame_2d_pose_add',
           'STEPSIZE': 80000,
           'SYMSIZE': 0,
           'SYNITER': 0,
           'SYNNUM': 80000,
           'SYNROOT': 'data/LOV/data_syn/',
           'SYNTHESIZE': False,
           'SYN_CLASS_INDEX': -1,
           'SYN_HEIGHT': 480,
           'SYN_ONLINE': True,
           'SYN_RATIO': 5,
           'SYN_SAMPLE_OBJECT': True,
           'SYN_SAMPLE_POSE': True,
           'SYN_TFAR': 2.0,
           'SYN_TNEAR': 0.5,
           'SYN_WIDTH': 640,
           'THRESHOLD_LABEL': 0.7,
           'TRAINABLE': True,
           'USE_FLIPPED': False,
           'USE_GT': False,
           'VERTEX_REG_2D': True,
           'VERTEX_REG_3D': False,
           'VERTEX_W': 1.0,
           'VERTEX_W_INSIDE': 10.0,
           'VISUALIZE': False,
           'VOTING_THRESHOLD': -1,
           'WEIGHT_REG': 0.0001},
 'USE_GPU_NMS': True}
/home/icu/PoseCNN_1/tools/../lib/datasets/../../data/LOV/models/01/points.xyz
/gpu:0
Tensor("fifo_queue_Dequeue:0", dtype=float32)
Tensor("conv5_3/conv5_3:0", shape=(?, ?, ?, 512), dtype=float32)
Tensor("conv4_3/conv4_3:0", shape=(?, ?, ?, 512), dtype=float32)
Tensor("score_conv4/score_conv4:0", shape=(?, ?, ?, 64), dtype=float32)
Tensor("upscore_conv5_1:0", shape=(?, ?, ?, 64), dtype=float32)
Tensor("upscore_1:0", shape=(?, ?, ?, 64), dtype=float32)
WARNING:tensorflow:From /home/icu/PoseCNN_1/tools/../lib/networks/network.py:500: calling reduce_max (from tensorflow.python.ops.math_ops) with keep_dims is deprecated and will be removed in a future version.
Instructions for updating:
keep_dims is deprecated, use keepdims instead
WARNING:tensorflow:From /home/icu/PoseCNN_1/tools/../lib/networks/network.py:504: calling reduce_sum (from tensorflow.python.ops.math_ops) with keep_dims is deprecated and will be removed in a future version.
Instructions for updating:
keep_dims is deprecated, use keepdims instead
Tensor("score/score:0", shape=(?, ?, ?, 2), dtype=float32)
Tensor("div:0", shape=(?, ?, ?, 2), dtype=float32)
Tensor("fifo_queue_Dequeue:1", dtype=int32)
Tensor("conv5_3/conv5_3:0", shape=(?, ?, ?, 512), dtype=float32)
Tensor("conv4_3/conv4_3:0", shape=(?, ?, ?, 512), dtype=float32)
Tensor("score_conv4_vertex/BiasAdd:0", shape=(?, ?, ?, 128), dtype=float32)
Tensor("upscore_conv5_vertex_1:0", shape=(?, ?, ?, 128), dtype=float32)
Tensor("ToInt32:0", shape=(?, ?, ?), dtype=int32)
Tensor("vertex_pred/BiasAdd:0", shape=(?, ?, ?, 6), dtype=float32)
Tensor("fifo_queue_Dequeue:6", dtype=float32)
Tensor("fifo_queue_Dequeue:7", dtype=float32)
Tensor("fifo_queue_Dequeue:5", dtype=float32)
Tensor("conv5_3/conv5_3:0", shape=(?, ?, ?, 512), dtype=float32)
Tensor("hough:0", shape=(?, 7), dtype=float32)
Tensor("conv4_3/conv4_3:0", shape=(?, ?, ?, 512), dtype=float32)
Tensor("hough:0", shape=(?, 7), dtype=float32)
RoiPool(top_data=<tf.Tensor 'pool5:0' shape=(?, 7, 7, 512) dtype=float32>, argmax=<tf.Tensor 'pool5:1' shape=(?, 7, 7, 512) dtype=int32>)
RoiPool(top_data=<tf.Tensor 'pool4_1:0' shape=(?, 7, 7, 512) dtype=float32>, argmax=<tf.Tensor 'pool4_1:1' shape=(?, 7, 7, 512) dtype=int32>)
Tensor("poses_tanh:0", shape=(?, 8), dtype=float32)
Tensor("hough:3", shape=(?, 8), dtype=float32)
Tensor("poses_pred:0", shape=(?, 8), dtype=float32)
Tensor("hough:2", shape=(?, 8), dtype=float32)
Tensor("hough:3", shape=(?, 8), dtype=float32)
Tensor("fifo_queue_Dequeue:8", dtype=float32)
Tensor("fifo_queue_Dequeue:9", dtype=float32)
Use network `vgg16_convs` in training
2018-10-27 16:06:59.756755: I tensorflow/core/platform/cpu_feature_guard.cc:137] Your CPU supports instructions that this TensorFlow binary was not compiled to use: SSE4.1 SSE4.2 AVX AVX2 FMA
2018-10-27 16:06:59.870771: I tensorflow/stream_executor/cuda/cuda_gpu_executor.cc:895] successful NUMA node read from SysFS had negative value (-1), but there must be at least one NUMA node, so returning NUMA node zero
2018-10-27 16:06:59.871004: I tensorflow/core/common_runtime/gpu/gpu_device.cc:1105] Found device 0 with properties: 
name: GeForce GTX 1080 major: 6 minor: 1 memoryClockRate(GHz): 1.7335
pciBusID: 0000:01:00.0
totalMemory: 7.92GiB freeMemory: 7.23GiB
2018-10-27 16:06:59.871016: I tensorflow/core/common_runtime/gpu/gpu_device.cc:1195] Creating TensorFlow device (/device:GPU:0) -> (device: 0, name: GeForce GTX 1080, pci bus id: 0000:01:00.0, compute capability: 6.1)
Loading model weights from /home/icu/PoseCNN_1/output/lov/lov_train/vgg16_fcn_color_single_frame_2d_pose_add_lov_iter_100000.ckpt
lov_val
[0]
[[0.000e+00 1.000e+00 2.006e+02 1.241e+02 6.494e+02 4.519e+02 5.242e+03]]
im_segment: 0/1839 1.303s 0.000s
per-class segmentation IoU
__background__ 0.998132367927
01 0.991510454218
/home/icu/PoseCNN_1/output/lov/lov_val/vgg16_fcn_color_single_frame_2d_pose_add_lov_iter_100000/mat/000000.mat
01
gt pose
[[-0.52573111  0.85065081  0.          0.05660265]
 [ 0.84825128  0.52424812 -0.07505775  0.02929021]
 [-0.06384793 -0.03946019 -0.99717919  0.3       ]]
estimated pose
[[-0.7112253   0.7025587   0.02387736  0.0572684 ]
 [ 0.6956009   0.7082725  -0.12037189  0.02633098]
 [-0.10147999 -0.06900241 -0.99244183  0.328669  ]]
rotation error: 13.9777006767
translation error: 0.0288290221024
error: 0.0320064401363
threshold: 0.026694047451
False
[0]
[[ 0.000e+00  1.000e+00  1.673e+02 -7.140e+01  6.007e+02  3.114e+02
   5.142e+03]]
im_segment: 1/1839 0.272s 0.000s
per-class segmentation IoU
__background__ 0.998929927917
01 0.994785100287
/home/icu/PoseCNN_1/output/lov/lov_val/vgg16_fcn_color_single_frame_2d_pose_add_lov_iter_100000/mat/000001.mat
01
gt pose
[[-0.88014643  0.47470228  0.          0.03301821]
 [ 0.47044219  0.87224779 -0.13367102 -0.05805739]
 [-0.06345394 -0.11765007 -0.99102576  0.3       ]]
estimated pose
[[-0.9707057   0.2249045   0.08455022  0.03256286]
 [ 0.21978284  0.97332865 -0.06577853 -0.06752311]
 [-0.09708904 -0.0452689  -0.9942458   0.31732553]]
rotation error: 16.3513021338
translation error: 0.0197479474294
error: 0.0260364535395
threshold: 0.026694047451
True
[0]
[[0.000e+00 1.000e+00 1.414e+02 1.403e+02 4.406e+02 6.397e+02 4.020e+03]]
im_segment: 2/1839 0.217s 0.000s
per-class segmentation IoU
__background__ 0.999091917687
01 0.994598503853
/home/icu/PoseCNN_1/output/lov/lov_val/vgg16_fcn_color_single_frame_2d_pose_add_lov_iter_100000/mat/000002.mat
01
gt pose
[[-1.          0.          0.         -0.02253624]
 [ 0.          0.98827312 -0.15269659  0.07217945]
 [ 0.         -0.15269659 -0.98827312  0.3       ]]
estimated pose
[[-0.9992794  -0.03453823 -0.01573753 -0.01860284]
 [-0.03075148  0.9797869  -0.1976664   0.080171  ]
 [ 0.02224647 -0.19704004 -0.98014295  0.31080368]]
rotation error: 3.39226372369
translation error: 0.0140020008041
error: 0.0139947290662
threshold: 0.026694047451
True
[0]
[[ 0.000e+00  1.000e+00  1.021e+02 -1.870e+01  5.179e+02  3.707e+02
   3.924e+03]]
im_segment: 3/1839 0.242s 0.000s
per-class segmentation IoU
__background__ 0.998631016701
01 0.992506682944
/home/icu/PoseCNN_1/output/lov/lov_val/vgg16_fcn_color_single_frame_2d_pose_add_lov_iter_100000/mat/000003.mat
01
gt pose
[[-0.52573111 -0.85065081  0.         -0.00576508]
 [-0.84069996  0.51958115 -0.152509   -0.03661277]
 [ 0.12973191 -0.08017873 -0.98830208  0.3       ]]
estimated pose
[[-0.3961584  -0.91817456 -0.00370033 -0.0083832 ]
 [-0.8710081   0.37707704 -0.31489307 -0.03620859]
 [ 0.29052213 -0.12152456 -0.94911975  0.31443593]]
rotation error: 12.7126372276
translation error: 0.0146769871264
error: 0.0177976462697
threshold: 0.026694047451
True
[0]
[[ 0.000e+00  1.000e+00  3.328e+02 -1.580e+02  6.452e+02  2.160e+02
   3.153e+03]]
im_segment: 4/1839 0.165s 0.000s
per-class segmentation IoU
__background__ 0.999238261059
01 0.993380614657
/home/icu/PoseCNN_1/output/lov/lov_val/vgg16_fcn_color_single_frame_2d_pose_add_lov_iter_100000/mat/000004.mat
01
gt pose
[[ 0.88014643  0.47470228  0.          0.08333167]
 [ 0.47044219 -0.87224779 -0.13367102 -0.11193046]
 [-0.06345394  0.11765007 -0.99102576  0.3       ]]
estimated pose
[[ 0.96852225  0.2114179   0.13140443  0.08716606]
 [ 0.23378971 -0.9538352  -0.18852265 -0.11318702]
 [ 0.08548111  0.21330938 -0.97323793  0.30472204]]
rotation error: 17.8108688924
translation error: 0.00621121204021
error: 0.0156023166115
threshold: 0.026694047451
True
[0]
[[0.000e+00 1.000e+00 2.437e+02 1.377e+02 6.683e+02 4.083e+02 4.174e+03]]
im_segment: 5/1839 0.233s 0.000s
per-class segmentation IoU
__background__ 0.99864898712
01 0.991918274688
/home/icu/PoseCNN_1/output/lov/lov_val/vgg16_fcn_color_single_frame_2d_pose_add_lov_iter_100000/mat/000005.mat
01
gt pose
[[ 0.52573111 -0.85065081  0.          0.07127741]
 [-0.82764351 -0.51151182 -0.23100189  0.01046079]
 [ 0.19650194  0.12144488 -0.9729533   0.3       ]]
estimated pose
[[ 0.66992176 -0.74155843  0.03599899  0.07047152]
 [-0.70425326 -0.6500733  -0.28536296  0.01664965]
 [ 0.23501529  0.16581844 -0.95774317  0.30854398]]
rotation error: 11.1165052872
translation error: 0.0105806908606
error: 0.0142418248146
threshold: 0.026694047451
True
[0]
[[0.000e+00 1.000e+00 2.612e+02 3.010e+01 6.968e+02 4.899e+02 5.902e+03]]
im_segment: 6/1839 0.285s 0.000s
per-class segmentation IoU
__background__ 0.998340319337
01 0.993146916112
/home/icu/PoseCNN_1/output/lov/lov_val/vgg16_fcn_color_single_frame_2d_pose_add_lov_iter_100000/mat/000006.mat
01
gt pose
[[ 0.52573111  0.85065081  0.          0.07913889]
 [ 0.82764351 -0.51151182 -0.23100189  0.00941471]
 [-0.19650194  0.12144488 -0.9729533   0.3       ]]
estimated pose
[[ 0.7616827   0.64783144 -0.0124064   0.08200388]
 [ 0.62849194 -0.7433306  -0.22903627  0.00955566]
 [-0.15759896  0.16665563 -0.97333884  0.3053226 ]]
rotation error: 17.9141145124
translation error: 0.00604632321648
error: 0.0176036930648
threshold: 0.026694047451
True
[0]
[[0.000e+00 1.000e+00 1.287e+02 1.200e+02 5.973e+02 4.940e+02 6.125e+03]]
im_segment: 7/1839 0.300s 0.000s
per-class segmentation IoU
__background__ 0.9982317586
01 0.993253607989
/home/icu/PoseCNN_1/output/lov/lov_val/vgg16_fcn_color_single_frame_2d_pose_add_lov_iter_100000/mat/000007.mat
01
gt pose
[[ 0.          1.          0.          0.02043984]
 [ 0.96386126  0.         -0.2664047   0.03399757]
 [-0.2664047   0.         -0.96386126  0.3       ]]
estimated pose
[[ 0.30561474  0.9517867   0.02648996  0.02121251]
 [ 0.9366198  -0.29550686 -0.1881996   0.03643429]
 [-0.17129791  0.08232759 -0.98177356  0.32174453]]
rotation error: 18.5021415237
translation error: 0.021894274243
error: 0.0275916529361
threshold: 0.026694047451
False
[0]
[[0.000e+00 1.000e+00 2.986e+02 1.330e+01 7.254e+02 3.147e+02 5.849e+03]]
im_segment: 8/1839 0.273s 0.000s
per-class segmentation IoU
__background__ 0.997357069939
01 0.989087698254
/home/icu/PoseCNN_1/output/lov/lov_val/vgg16_fcn_color_single_frame_2d_pose_add_lov_iter_100000/mat/000008.mat
01
gt pose
[[-0.29524181  0.95542256  0.          0.09695824]
 [ 0.91779004  0.28361272 -0.27789435 -0.04393532]
 [-0.26550653 -0.08204603 -0.96061164  0.3       ]]
estimated pose
[[-0.34614673  0.9373587   0.03925613  0.10595951]
 [ 0.9130967   0.34620792 -0.21539362 -0.04419712]
 [-0.21549186 -0.03871316 -0.9757379   0.32479808]]
rotation error: 5.27079150269
translation error: 0.0263824969265
error: 0.0268444414969
threshold: 0.026694047451
False
[0]
[[0.000e+00 1.000e+00 4.112e+02 2.250e+01 6.708e+02 4.075e+02 4.732e+03]]
im_segment: 9/1839 0.244s 0.000s
per-class segmentation IoU
__background__ 0.998445429135
01 0.991923789575
/home/icu/PoseCNN_1/output/lov/lov_val/vgg16_fcn_color_single_frame_2d_pose_add_lov_iter_100000/mat/000009.mat
01
gt pose
[[-0.71749744  0.69656114  0.          0.11582579]
 [ 0.66900746  0.68911559 -0.27847571 -0.01046079]
 [-0.19397536 -0.19980561 -0.96044327  0.3       ]]
estimated pose
[[-0.7741204   0.6260555   0.09376573  0.12229516]
 [ 0.60662866  0.77597904 -0.17279522 -0.01530219]
 [-0.18093964 -0.07688333 -0.9804844   0.32448086]]
rotation error: 9.53448517971
translation error: 0.0257799232803
error: 0.0278712951853
threshold: 0.026694047451
False
[0]
[[ 0.000e+00  1.000e+00 -3.940e+01 -9.770e+01  2.994e+02  2.697e+02
   3.738e+03]]
im_segment: 10/1839 0.197s 0.000s
per-class segmentation IoU
__background__ 0.998674962768
01 0.991043947727
/home/icu/PoseCNN_1/output/lov/lov_val/vgg16_fcn_color_single_frame_2d_pose_add_lov_iter_100000/mat/000010.mat
01
gt pose
[[-0.71749744 -0.69656114  0.         -0.10115103]
 [-0.66900746  0.68911559 -0.27847571 -0.08525544]
 [ 0.19397536 -0.19980561 -0.96044327  0.3       ]]
estimated pose
[[-0.78423774 -0.61827743 -0.052004   -0.10670386]
 [-0.579282    0.7596385  -0.295604   -0.08510339]
 [ 0.22226949 -0.20169878 -0.9538942   0.31280425]]
rotation error: 6.71639416306
translation error: 0.0139572915447
error: 0.0152629855309
threshold: 0.026694047451
True
[0]
[[ 0.000e+00  1.000e+00 -3.810e+01  1.533e+02  2.941e+02  4.767e+02
   3.875e+03]]
im_segment: 11/1839 0.209s 0.000s
per-class segmentation IoU
__background__ 0.999053485521
01 0.993504002455
/home/icu/PoseCNN_1/output/lov/lov_val/vgg16_fcn_color_single_frame_2d_pose_add_lov_iter_100000/mat/000011.mat
01
gt pose
[[ 0.71749744 -0.69656114  0.         -0.10377152]
 [-0.66900746 -0.68911559 -0.27847571  0.03242845]
 [ 0.19397536  0.19980561 -0.96044327  0.3       ]]
estimated pose
[[ 0.820282   -0.57128894  0.02768442 -0.10738009]
 [-0.5302673  -0.77773887 -0.33754855  0.039631  ]
 [ 0.21436898  0.26220486 -0.940901    0.31159505]]
rotation error: 10.1261539679
translation error: 0.0141189163416
error: 0.0169838382919
threshold: 0.026694047451
True
[0]
[[0.000e+00 1.000e+00 3.272e+02 2.110e+01 6.748e+02 3.709e+02 6.326e+03]]
im_segment: 12/1839 0.295s 0.000s
per-class segmentation IoU
__background__ 0.998674349693
01 0.994942773489
/home/icu/PoseCNN_1/output/lov/lov_val/vgg16_fcn_color_single_frame_2d_pose_add_lov_iter_100000/mat/000012.mat
01
gt pose
[[-0.52573111  0.85065081  0.          0.09276545]
 [ 0.78507861  0.48520527 -0.38500315 -0.02353678]
 [-0.32750324 -0.20240813 -0.92291526  0.3       ]]
estimated pose
[[-0.58807653  0.8072746   0.04973761  0.10000344]
 [ 0.77212536  0.57865334 -0.2626457  -0.02615103]
 [-0.24080801 -0.11605208 -0.96360964  0.32572818]]
rotation error: 8.95378520656
translation error: 0.0268544598601
error: 0.0278327077287
threshold: 0.026694047451
False
[0]
[[ 0.000e+00  1.000e+00  2.078e+02 -1.116e+02  6.302e+02  2.756e+02
   4.695e+03]]
im_segment: 13/1839 0.226s 0.000s
per-class segmentation IoU
__background__ 0.999096207548
01 0.995177743431
/home/icu/PoseCNN_1/output/lov/lov_val/vgg16_fcn_color_single_frame_2d_pose_add_lov_iter_100000/mat/000013.mat
01
gt pose
[[-0.92702849  0.3749909   0.          0.05031346]
 [ 0.35393222  0.87496856 -0.33039672 -0.0847324 ]
 [-0.12389577 -0.30628718 -0.94384215  0.3       ]]
estimated pose
[[-0.91126025  0.39372894  0.12075802  0.05153851]
 [ 0.39331165  0.91897    -0.02828675 -0.0878186 ]
 [-0.12211031  0.02171895 -0.992279    0.31471708]]
rotation error: 19.0856380093
translation error: 0.0150870120682
error: 0.0224516075691
threshold: 0.026694047451
True
[0]
[[ 0.000e+00  1.000e+00 -3.760e+01  1.003e+02  2.396e+02  5.777e+02
   4.633e+03]]
im_segment: 14/1839 0.237s 0.000s
per-class segmentation IoU
__background__ 0.998548996454
01 0.992238621117
/home/icu/PoseCNN_1/output/lov/lov_val/vgg16_fcn_color_single_frame_2d_pose_add_lov_iter_100000/mat/000014.mat
01
gt pose
[[-0.98422079 -0.17694474  0.         -0.11792218]
 [-0.16638643  0.92549222 -0.34026416  0.04916571]
 [ 0.06020796 -0.33489506 -0.94032989  0.3       ]]
estimated pose
[[-0.9922916  -0.11906887 -0.03435067 -0.1186909 ]
 [-0.10619248  0.95986766 -0.25957116  0.05120793]
 [ 0.06387894 -0.25392252 -0.96511286  0.30295053]]
rotation error: 6.15996850278
translation error: 0.0036697717949
error: 0.00626654194322
threshold: 0.026694047451
True
[0]
[[ 0.000e+00  1.000e+00 -1.462e+02  2.017e+02  3.642e+02  4.723e+02
   3.332e+03]]
im_segment: 15/1839 0.199s 0.000s
per-class segmentation IoU
__background__ 0.999103148985
01 0.993565369991
/home/icu/PoseCNN_1/output/lov/lov_val/vgg16_fcn_color_single_frame_2d_pose_add_lov_iter_100000/mat/000015.mat
01
gt pose
[[-0.34768538 -0.93761126  0.         -0.09486184]
 [-0.87690846  0.32517554 -0.3539667   0.03661277]
 [ 0.33188316 -0.12306904 -0.93525803  0.3       ]]
estimated pose
[[-0.22036684 -0.9753717   0.00939817 -0.11464684]
 [-0.8919954   0.19761215 -0.40656325  0.05023481]
 [ 0.39469314 -0.0979762  -0.9135742   0.30345336]]
rotation error: 8.31378248386
translation error: 0.0242679200746
error: 0.0253894542103
threshold: 0.026694047451
True
[0]
[[ 0.000e+00  1.000e+00 -2.360e+01 -2.920e+01  2.096e+02  3.932e+02
   4.079e+03]]
im_segment: 16/1839 0.220s 0.000s
per-class segmentation IoU
__background__ 0.998828046984
01 0.992620188885
/home/icu/PoseCNN_1/output/lov/lov_val/vgg16_fcn_color_single_frame_2d_pose_add_lov_iter_100000/mat/000016.mat
01
gt pose
[[ 0.98422079 -0.17694474  0.         -0.12211497]
 [-0.16638643 -0.92549222 -0.34026416 -0.02824413]
 [ 0.06020796  0.33489506 -0.94032989  0.3       ]]
estimated pose
[[ 0.9913256  -0.13011466  0.01854054 -0.12559758]
 [-0.12347634 -0.97035426 -0.2077645  -0.03240649]
 [ 0.0450241   0.20367295 -0.9780031   0.30953735]]
rotation error: 8.39567512754
translation error: 0.0109733723815
error: 0.0123476808845
threshold: 0.026694047451
True
[0]
[[ 0.000e+00  1.000e+00 -1.030e+01  2.179e+02  2.163e+02  6.381e+02
   3.246e+03]]
im_segment: 17/1839 0.175s 0.000s
per-class segmentation IoU
__background__ 0.998623336987
01 0.988545801642
/home/icu/PoseCNN_1/output/lov/lov_val/vgg16_fcn_color_single_frame_2d_pose_add_lov_iter_100000/mat/000017.mat
01
gt pose
[[ 0.98422079  0.17694474  0.         -0.11687398]
 [ 0.16638643 -0.92549222 -0.34026416  0.09937751]
 [-0.06020796  0.33489506 -0.94032989  0.3       ]]
estimated pose
[[ 0.99507666  0.09833486  0.01235721 -0.11857077]
 [ 0.09629226 -0.9297481  -0.3553817   0.09899978]
 [-0.02345731  0.35482195 -0.9346395   0.30536723]]
rotation error: 4.6894531324
translation error: 0.00564171586031
error: 0.00667694495888
threshold: 0.026694047451
True
[0]
[[0.000e+00 1.000e+00 3.050e+01 7.640e+01 4.815e+02 4.856e+02 6.344e+03]]
im_segment: 18/1839 0.303s 0.000s
per-class segmentation IoU
__background__ 0.998539332797
01 0.994570468872
/home/icu/PoseCNN_1/output/lov/lov_val/vgg16_fcn_color_single_frame_2d_pose_add_lov_iter_100000/mat/000018.mat
01
gt pose
[[-0.77743752  0.62896017  0.         -0.03354231]
 [ 0.57581451  0.71174588 -0.40231264  0.02301374]
 [-0.25303862 -0.31277294 -0.91550234  0.3       ]]
estimated pose
[[-0.8672079   0.49794352  0.00161282 -0.03739149]
 [ 0.46942607  0.81861436 -0.33092242  0.0209857 ]
 [-0.16610095 -0.28622144 -0.9436565   0.30902356]]
rotation error: 10.1107322707
translation error: 0.0100176711274
error: 0.0134486176398
threshold: 0.026694047451
True
[0]
[[ 0.000e+00  1.000e+00  1.883e+02 -4.990e+01  4.897e+02  2.339e+02
   3.544e+03]]
im_segment: 19/1839 0.191s 0.000s
per-class segmentation IoU
__background__ 0.998790443393
01 0.991204948897
/home/icu/PoseCNN_1/output/lov/lov_val/vgg16_fcn_color_single_frame_2d_pose_add_lov_iter_100000/mat/000019.mat
01
gt pose
[[-0.88014643 -0.47470228  0.          0.00733738]
 [-0.43681162  0.80989329 -0.39149516 -0.08787064]
 [ 0.18584365 -0.34457307 -0.92018016  0.3       ]]
estimated pose
[[-0.85536116 -0.5096984  -0.09254619  0.00763844]
 [-0.4323512   0.80081207 -0.41445437 -0.0832545 ]
 [ 0.28535882 -0.3144957  -0.90535223  0.31824484]]
rotation error: 6.02036564852
translation error: 0.0188221603575
error: 0.0191664500372
threshold: 0.026694047451
True
[0]
[[ 0.000e+00  1.000e+00  1.014e+02 -9.700e+00  4.226e+02  3.797e+02
   4.584e+03]]
im_segment: 20/1839 0.242s 0.000s
per-class segmentation IoU
__background__ 0.998797423269
01 0.993233925185
/home/icu/PoseCNN_1/output/lov/lov_val/vgg16_fcn_color_single_frame_2d_pose_add_lov_iter_100000/mat/000020.mat
01
gt pose
[[ 0.98935413 -0.14552805  0.         -0.03301821]
 [-0.1332053  -0.90557942 -0.4027186  -0.02981325]
 [ 0.05860685  0.39843131 -0.91532384  0.3       ]]
estimated pose
[[ 0.9849945  -0.17120628  0.02177861 -0.03524573]
 [-0.15288338 -0.9241229  -0.35017648 -0.03172044]
 [ 0.08007853  0.3415923  -0.9364306   0.3189172 ]]
rotation error: 3.79726514044
translation error: 0.0191431507339
error: 0.0192386864521
threshold: 0.026694047451
True
[0]
[[ 0.000e+00  1.000e+00  9.400e+01 -7.980e+01  3.580e+02  2.678e+02
   4.616e+03]]
im_segment: 21/1839 0.225s 0.000s
per-class segmentation IoU
__background__ 0.99877859205
01 0.993116841083
/home/icu/PoseCNN_1/output/lov/lov_val/vgg16_fcn_color_single_frame_2d_pose_add_lov_iter_100000/mat/000021.mat
01
gt pose
[[ 0.95142295  0.30788694  0.         -0.04978936]
 [ 0.28322009 -0.8751982  -0.39219191 -0.07531769]
 [-0.12075076  0.37314038 -0.91988342  0.3       ]]
estimated pose
[[ 0.9713393   0.23736128  0.0126324  -0.05488008]
 [ 0.23285374 -0.9395282  -0.2511292  -0.08168882]
 [-0.04773986  0.24687317 -0.9678711   0.31647828]]
rotation error: 9.57117515381
translation error: 0.018385877824
error: 0.0199419679692
threshold: 0.026694047451
True
[0]
[[ 0.000e+00  1.000e+00  3.186e+02 -6.890e+01  7.234e+02  2.809e+02
   5.192e+03]]
im_segment: 22/1839 0.236s 0.000s
per-class segmentation IoU
__background__ 0.998800009412
01 0.994171872619
/home/icu/PoseCNN_1/output/lov/lov_val/vgg16_fcn_color_single_frame_2d_pose_add_lov_iter_100000/mat/000022.mat
01
gt pose
[[ 0.65431749  0.75621996  0.          0.10377152]
 [ 0.68459413 -0.59234341 -0.42480603 -0.07427161]
 [-0.3212468   0.27795802 -0.9052844   0.3       ]]
estimated pose
[[ 0.7973429   0.603504   -0.00521971  0.10393739]
 [ 0.53847617 -0.7152813  -0.445439   -0.07209606]
 [-0.2725578   0.35235694 -0.89529693  0.30395058]]
rotation error: 12.0886847987
translation error: 0.00451304600704
error: 0.0117908219443
threshold: 0.026694047451
True
[0]
[[0.000e+00 1.000e+00 9.490e+01 1.303e+02 5.811e+02 5.637e+02 6.837e+03]]
im_segment: 23/1839 0.308s 0.000s
per-class segmentation IoU
__background__ 0.998472710749
01 0.994805900954
/home/icu/PoseCNN_1/output/lov/lov_val/vgg16_fcn_color_single_frame_2d_pose_add_lov_iter_100000/mat/000023.mat
01
gt pose
[[ 0.20177411  0.97943209  0.          0.00471689]
 [ 0.89420435 -0.18421623 -0.40799873  0.05544219]
 [-0.39960705  0.08232358 -0.91298249  0.3       ]]
estimated pose
[[ 0.5794394   0.81499004  0.00641798  0.00681929]
 [ 0.7786832  -0.5512668  -0.29959533  0.05606805]
 [-0.24062918  0.17859492 -0.95404476  0.30641896]]
rotation error: 24.6930435599
translation error: 0.0067834195011
error: 0.0244994931293
threshold: 0.026694047451
True
[0]
[[0.0000000e+00 1.0000000e+00 2.5199999e+01 2.9989999e+02 4.1679999e+02
  6.1009998e+02 4.4470000e+03]]
im_segment: 24/1839 0.208s 0.000s
per-class segmentation IoU
__background__ 0.999012973446
01 0.994541090507
/home/icu/PoseCNN_1/output/lov/lov_val/vgg16_fcn_color_single_frame_2d_pose_add_lov_iter_100000/mat/000024.mat
01
gt pose
[[-0.40385184  0.9148244   0.         -0.05293396]
 [ 0.79334589  0.3502248  -0.49794064  0.11768389]
 [-0.45552825 -0.20109424 -0.86721112  0.3       ]]
estimated pose
[[-0.39339158  0.917411    0.06000193 -0.05629107]
 [ 0.805084    0.37526882 -0.4593617   0.11474092]
 [-0.4439403  -0.13240239 -0.8862205   0.3090476 ]]
rotation error: 4.28544592349
translation error: 0.0100891293054
error: 0.0100820259072
threshold: 0.026694047451
True
[0]
[[ 0.000e+00  1.000e+00  6.090e+01 -1.230e+01  4.811e+02  3.683e+02
   7.133e+03]]
im_segment: 25/1839 0.335s 0.000s
per-class segmentation IoU
__background__ 0.998278011995
01 0.994347922931
/home/icu/PoseCNN_1/output/lov/lov_val/vgg16_fcn_color_single_frame_2d_pose_add_lov_iter_100000/mat/000025.mat
01
gt pose
[[-0.63594447  0.77173482  0.         -0.02987362]
 [ 0.67128545  0.55316963 -0.49333478 -0.03347453]
 [-0.38072363 -0.31373352 -0.86983952  0.3       ]]
estimated pose
[[-0.7999702   0.59876066  0.03915489 -0.02943283]
 [ 0.56319606  0.77176386 -0.29528084 -0.03467186]
 [-0.2070209  -0.21416403 -0.9546077   0.31049284]]
rotation error: 18.3921264181
translation error: 0.0105701307866
error: 0.0219202721302
threshold: 0.026694047451
True
[0]
[[ 0.000e+00  1.000e+00 -7.850e+01  1.821e+02  2.625e+02  6.639e+02
   3.441e+03]]
im_segment: 26/1839 0.180s 0.000s
per-class segmentation IoU
__background__ 0.998825317348
01 0.990884749046
/home/icu/PoseCNN_1/output/lov/lov_val/vgg16_fcn_color_single_frame_2d_pose_add_lov_iter_100000/mat/000026.mat
01
gt pose
[[-1.          0.          0.         -0.12159087]
 [ 0.          0.87961848 -0.47567985  0.09100888]
 [ 0.         -0.47567985 -0.87961848  0.3       ]]
estimated pose
[[-0.99834555 -0.05144674 -0.0256811  -0.1247146 ]
 [-0.03823393  0.9275317  -0.37178364  0.09655115]
 [ 0.04294709 -0.37018663 -0.9279642   0.30604354]]
rotation error: 7.38395326638
translation error: 0.00877489624307
error: 0.0117957508909
threshold: 0.026694047451
True
[0]
[[0.000e+00 1.000e+00 2.778e+02 2.380e+02 6.562e+02 5.020e+02 2.517e+03]]
im_segment: 27/1839 0.167s 0.000s
per-class segmentation IoU
__background__ 0.99934526563
01 0.993018137664
/home/icu/PoseCNN_1/output/lov/lov_val/vgg16_fcn_color_single_frame_2d_pose_add_lov_iter_100000/mat/000027.mat
01
gt pose
[[-0.40385184 -0.9148244   0.          0.09591004]
 [-0.79334589  0.3502248  -0.49794064  0.05230395]
 [ 0.45552825 -0.20109424 -0.86721112  0.3       ]]
estimated pose
[[-0.3357871  -0.9419258   0.0047767   0.07250817]
 [-0.8615249   0.3050668  -0.4058438   0.06532255]
 [ 0.38081753 -0.14039233 -0.91393     0.29282367]]
rotation error: 7.25320926471
translation error: 0.0277241947967
error: 0.0291425205877
threshold: 0.026694047451
False
[0]
[[0.000e+00 1.000e+00 6.260e+01 1.380e+01 4.014e+02 3.922e+02 4.247e+03]]
im_segment: 28/1839 0.231s 0.000s
per-class segmentation IoU
__background__ 0.998895596
01 0.993224429181
/home/icu/PoseCNN_1/output/lov/lov_val/vgg16_fcn_color_single_frame_2d_pose_add_lov_iter_100000/mat/000028.mat
01
gt pose
[[ 0.96550865 -0.26037097  0.         -0.04716887]
 [-0.23249514 -0.86213938 -0.45017964 -0.02039854]
 [ 0.11721371  0.43465233 -0.89293801  0.3       ]]
estimated pose
[[ 0.9516072  -0.30676416  0.01842321 -0.0537018 ]
 [-0.27206838 -0.86882216 -0.41367495 -0.02243984]
 [ 0.14290713  0.3886437  -0.9102383   0.3296071 ]]
rotation error: 3.78052447691
translation error: 0.0303879318432
error: 0.0303926768111
threshold: 0.026694047451
False
[0]
[[0.000e+00 1.000e+00 1.592e+02 2.880e+01 4.188e+02 4.732e+02 5.210e+03]]
im_segment: 29/1839 0.272s 0.000s
per-class segmentation IoU
__background__ 0.998526709272
01 0.992819631433
/home/icu/PoseCNN_1/output/lov/lov_val/vgg16_fcn_color_single_frame_2d_pose_add_lov_iter_100000/mat/000029.mat
01
gt pose
[[ 0.96550865  0.26037097  0.         -0.01729525]
 [ 0.23249514 -0.86213938 -0.45017964  0.00627647]
 [-0.11721371  0.43465233 -0.89293801  0.3       ]]
estimated pose
[[ 0.9682667   0.24896744  0.02178967 -0.02032845]
 [ 0.2298332  -0.85281074 -0.46892473  0.00500791]
 [-0.09816452  0.45905218 -0.8829692   0.32090122]]
rotation error: 1.8636709826
translation error: 0.0211582207905
error: 0.0211617620637
threshold: 0.026694047451
True
[0]
[[0.000e+00 1.000e+00 1.681e+02 2.029e+02 4.299e+02 6.451e+02 3.381e+03]]
im_segment: 30/1839 0.177s 0.000s
per-class segmentation IoU
__background__ 0.999056593425
01 0.99240752185
/home/icu/PoseCNN_1/output/lov/lov_val/vgg16_fcn_color_single_frame_2d_pose_add_lov_iter_100000/mat/000030.mat
01
gt pose
[[ 0.91488214  0.40372102  0.         -0.01415066]
 [ 0.36106188 -0.81821122 -0.44739772  0.10199271]
 [-0.18062387  0.40931619 -0.8943351   0.3       ]]
estimated pose
[[ 0.9512149   0.30780876  0.02106939 -0.0146867 ]
 [ 0.2598766  -0.76253814 -0.59245235  0.1015517 ]
 [-0.16629581  0.569025   -0.8053299   0.32012492]]
rotation error: 11.4044016125
translation error: 0.0201368915524
error: 0.0218352662542
threshold: 0.026694047451
True
[0]
[[ 0.0000000e+00  1.0000000e+00 -2.9000003e+00 -1.4120000e+02
   3.4689999e+02  1.9320000e+02  3.5100000e+03]]
im_segment: 31/1839 0.171s 0.000s
per-class segmentation IoU
__background__ 0.999261113623
01 0.994317217981
/home/icu/PoseCNN_1/output/lov/lov_val/vgg16_fcn_color_single_frame_2d_pose_add_lov_iter_100000/mat/000031.mat
01
gt pose
[[ 0.83951089  0.54334286  0.         -0.08123528]
 [ 0.48428555 -0.74826232 -0.45339939 -0.11872997]
 [-0.24635132  0.38063373 -0.89130746  0.3       ]]
estimated pose
[[ 0.8905544   0.4545212   0.0179799  -0.08713792]
 [ 0.43768632 -0.84546584 -0.3059707  -0.12258829]
 [-0.12386878  0.28035313 -0.9518711   0.3254494 ]]
rotation error: 10.9554915133
translation error: 0.0264083351499
error: 0.0276525740153
threshold: 0.026694047451
False
[0]
[[ 0.0000000e+00  1.0000000e+00 -1.6800001e+01 -1.8300001e+01
   3.5279999e+02  2.9629999e+02  6.8410000e+03]]
im_segment: 32/1839 0.295s 0.000s
per-class segmentation IoU
__background__ 0.998706008476
01 0.99550303436
/home/icu/PoseCNN_1/output/lov/lov_val/vgg16_fcn_color_single_frame_2d_pose_add_lov_iter_100000/mat/000032.mat
01
gt pose
[[ 0.08794845  0.99612503  0.         -0.08123528]
 [ 0.88112318 -0.07779487 -0.46644388 -0.05282699]
 [-0.46463643  0.04102301 -0.88455079  0.3       ]]
estimated pose
[[ 0.23679039  0.9713112   0.02201779 -0.08557238]
 [ 0.74123853 -0.16595882 -0.6504021  -0.05595998]
 [-0.6280889   0.17032939 -0.7592708   0.31147313]]
rotation error: 15.3972788126
translation error: 0.0126593391132
error: 0.0169376783197
threshold: 0.026694047451
True
[0]
[[0.000e+00 1.000e+00 1.540e+02 8.070e+01 5.940e+02 5.053e+02 6.261e+03]]
im_segment: 33/1839 0.302s 0.000s
per-class segmentation IoU
__background__ 0.998330167353
01 0.993627681227
/home/icu/PoseCNN_1/output/lov/lov_val/vgg16_fcn_color_single_frame_2d_pose_add_lov_iter_100000/mat/000033.mat
01
gt pose
[[-0.88014643  0.47470228  0.          0.02725313]
 [ 0.41023193  0.76061183 -0.50316936  0.02719805]
 [-0.23885564 -0.44286271 -0.86418783  0.3       ]]
estimated pose
[[-0.94100326  0.3379886   0.01662197  0.0250576 ]
 [ 0.30829415  0.87651205 -0.36970443  0.02614196]
 [-0.13952523 -0.34276867 -0.9290006   0.29428774]]
rotation error: 12.0676352632
translation error: 0.0062101168364
error: 0.0155276477589
threshold: 0.026694047451
True
[0]
[[0.000e+00 1.000e+00 1.218e+02 1.518e+02 5.222e+02 6.182e+02 4.924e+03]]
im_segment: 34/1839 0.241s 0.000s
per-class segmentation IoU
__background__ 0.99893926619
01 0.994551333227
/home/icu/PoseCNN_1/output/lov/lov_val/vgg16_fcn_color_single_frame_2d_pose_add_lov_iter_100000/mat/000034.mat
01
gt pose
[[-0.97431034  0.22520961  0.         -0.0010482 ]
 [ 0.1945707   0.84175916 -0.50357101  0.07217945]
 [-0.11340903 -0.49063444 -0.86395384  0.3       ]]
estimated pose
[[-0.9997457   0.01700887 -0.01481764 -0.00169509]
 [ 0.020966    0.9430043  -0.33211944  0.07415418]
 [ 0.00832413 -0.33234558 -0.94312114  0.29753304]]
rotation error: 16.2673614687
translation error: 0.00322551409123
error: 0.0193205373799
threshold: 0.026694047451
True
[0]
[[ 0.000e+00  1.000e+00  4.500e+02 -2.010e+01  6.480e+02  4.441e+02
   4.035e+03]]
im_segment: 35/1839 0.220s 0.000s
per-class segmentation IoU
__background__ 0.998979775551
01 0.993343774471
/home/icu/PoseCNN_1/output/lov/lov_val/vgg16_fcn_color_single_frame_2d_pose_add_lov_iter_100000/mat/000035.mat
01
gt pose
[[-1.          0.          0.          0.11844628]
 [ 0.          0.85065081 -0.52573111 -0.01935246]
 [ 0.         -0.52573111 -0.85065081  0.3       ]]
estimated pose
[[-0.9887001  -0.14621378 -0.03306741  0.1173067 ]
 [-0.12305437  0.91758627 -0.37801197 -0.0157229 ]
 [ 0.08561276 -0.36967143 -0.9252099   0.3001163 ]]
rotation error: 12.9212631429
translation error: 0.0038060280759
error: 0.0158522587331
threshold: 0.026694047451
True
[0]
[[0.000e+00 1.000e+00 2.188e+02 8.600e+01 5.312e+02 5.480e+02 4.536e+03]]
im_segment: 36/1839 0.236s 0.000s
per-class segmentation IoU
__background__ 0.99833449842
01 0.990491352801
/home/icu/PoseCNN_1/output/lov/lov_val/vgg16_fcn_color_single_frame_2d_pose_add_lov_iter_100000/mat/000036.mat
01
gt pose
[[-0.99423243 -0.10724679  0.          0.02672903]
 [-0.09208418  0.85366731 -0.51261352  0.03608973]
 [ 0.05497616 -0.50965699 -0.85861946  0.3       ]]
estimated pose
[[-0.9916083  -0.12403964 -0.03642992  0.02630356]
 [-0.10451643  0.9350369  -0.33879533  0.03955645]
 [ 0.07608737 -0.33214474 -0.94015455  0.3027099 ]]
rotation error: 11.2756492665
translation error: 0.00442072405084
error: 0.0131367438746
threshold: 0.026694047451
True
[0]
[[ 0.000e+00  1.000e+00  1.185e+02 -1.380e+01  4.595e+02  2.898e+02
   3.185e+03]]
im_segment: 37/1839 0.183s 0.000s
per-class segmentation IoU
__background__ 0.999280711442
01 0.993836767727
/home/icu/PoseCNN_1/output/lov/lov_val/vgg16_fcn_color_single_frame_2d_pose_add_lov_iter_100000/mat/000037.mat
01
gt pose
[[-0.71749744 -0.69656114  0.         -0.01519886]
 [-0.58978918  0.60751626 -0.53204578 -0.06067258]
 [ 0.37060242 -0.38174148 -0.84671559  0.3       ]]
estimated pose
[[-0.7507952  -0.65945596 -0.03774054 -0.02037544]
 [-0.57873845  0.684287   -0.4436362  -0.0583479 ]
 [ 0.3183839  -0.31123805 -0.8954119   0.321643  ]]
rotation error: 6.76033058499
translation error: 0.0223745466749
error: 0.022863990624
threshold: 0.026694047451
True
[0]
[[0.000e+00 1.000e+00 3.280e+02 3.379e+02 6.800e+02 5.821e+02 1.587e+03]]
im_segment: 38/1839 0.129s 0.000s
per-class segmentation IoU
__background__ 0.999504732556
01 0.991321118611
/home/icu/PoseCNN_1/output/lov/lov_val/vgg16_fcn_color_single_frame_2d_pose_add_lov_iter_100000/mat/000038.mat
01
gt pose
[[-0.42054381 -0.90727223  0.          0.07809069]
 [-0.74982875  0.34756474 -0.56298809  0.11506869]
 [ 0.51078346 -0.23676116 -0.82646501  0.3       ]]
estimated pose
[[-0.46094632 -0.887331   -0.01311725  0.09490176]
 [-0.76230854  0.40348122 -0.50605196  0.11548766]
 [ 0.45432815 -0.22326343 -0.86240315  0.30392292]]
rotation error: 4.68896959179
translation error: 0.0172677976252
error: 0.0176766746459
threshold: 0.026694047451
True
[0]
[[ 0.000e+00  1.000e+00  1.534e+02 -2.200e+01  5.846e+02  3.740e+02
   6.615e+03]]
im_segment: 39/1839 0.311s 0.000s
per-class segmentation IoU
__background__ 0.998781481851
01 0.995629279353
/home/icu/PoseCNN_1/output/lov/lov_val/vgg16_fcn_color_single_frame_2d_pose_add_lov_iter_100000/mat/000039.mat
01
gt pose
[[ 0.62212097  0.78292113  0.          0.02148804]
 [ 0.65014985 -0.5166189  -0.55714458 -0.03295149]
 [-0.43620027  0.34661133 -0.83041551  0.3       ]]
estimated pose
[[ 0.80452645  0.593902    0.0041924   0.02290203]
 [ 0.5103224  -0.6876602  -0.51642454 -0.03451389]
 [-0.30382264  0.41761667 -0.8563223   0.2997191 ]]
